老北河口                                
2018年潮汐表   40°58′N121°50′E    1月
                                               每  日  逐  时  潮  高                                                 每  日  高  低  潮
日  0   1   2   3   4   5   6   7   8   9   10  11  12  13  14  15  16  17  18  19  20  21  22  23   潮时  潮高  潮时  潮高  潮时  潮高  潮时  潮高  潮时  潮高 
 1  54 121 207 295 367 404 392 331 246 161  91  44  28  50 103 171 235 277 280 239 170  98  43  12   0516   406  1156    28  1735   284  2331     7            
 2  12  51 129 227 324 397 429 405 334 241 151  75  23   8  37 100 177 245 285 281 232 160  88  33   0605   429  1251     7  1825   289                        
 3   2   5  54 143 251 351 422 442 406 327 229 135  56   3  -6  34 108 191 259 292 279 225 150  79   0026    -2  0652   443  1341    -9  1914   293            
 4  24  -6   4  63 162 276 374 435 443 396 310 210 115  35 -12 -11  42 124 209 272 296 275 217 142   0118    -8  0739   447  1429   -18  2002   296            
 5  72  18  -8  10  80 186 298 387 435 431 375 287 187  93  18 -20  -5  59 146 227 281 297 270 210   0209    -9  0825   440  1514   -21  2052   297            
 6 138  70  18  -3  24 102 209 312 388 422 407 347 259 163  74   7 -18  11  83 169 242 287 295 265   0259    -3  0912   423  1558   -18  2143   297            
 7 206 137  72  24  11  46 126 227 316 376 397 375 314 230 139  58   3  -8  33 108 188 251 288 292   0349    10  1000   397  1642   -10  2237   295            
 8 262 206 140  79  37  30  70 148 236 308 353 366 341 281 202 119  49   7   9  58 130 202 256 287   0440    28  1050   366  1727     2  2337   293            
 9 291 262 210 148  92  55  54  94 163 235 291 324 331 306 250 177 104  46  17  30  81 148 209 257   0532    49  1145   332  1812    16                        
10 287 292 266 216 159 107  76  77 113 169 224 266 293 299 276 224 158  95  49  31  51 100 159 214   0040   294  0629    72  1244   300  1859    31            
11 259 291 298 273 225 171 123  95  94 122 165 206 241 266 273 251 203 144  91  55  46  68 113 167   0143   299  0731    91  1347   273  1948    45            
12 218 265 299 306 281 233 181 137 108 104 123 154 186 218 245 253 232 186 134  90  63  58  80 123   0243   308  0840   102  1448   253  2040    57            
13 174 226 277 312 317 288 239 188 144 113 104 115 139 170 204 232 240 217 173 127  91  68  67  89   0338   319  0956   104  1545   241  2135    64            
14 132 184 241 294 328 326 291 240 188 143 109  95 103 127 161 198 228 232 205 163 121  89  71  71   0427   331  1107    95  1638   234  2229    68            
15  97 143 201 263 316 343 331 288 233 180 132  96  81  92 121 161 202 229 226 195 152 114  85  69   0511   343  1204    81  1725   232  2319    68            
16  74 106 161 226 291 340 354 329 278 219 163 113  77  68  87 125 172 213 233 220 183 140 104  78   0552   355  1249    67  1807   233                        
17  66  78 121 186 258 321 360 359 320 260 197 139  88  58  59  91 140 191 227 236 213 170 126  91   0004    66  0629   364  1328    54  1846   237            
18  68  62  86 143 218 293 349 372 354 302 234 169 109  63  43  60 107 164 214 241 238 204 155 111   0044    61  0704   372  1403    43  1923   244            
19  77  58  62 101 171 254 325 369 375 340 276 204 136  79  41  37  72 132 193 237 253 236 192 140   0123    56  0738   378  1436    34  1959   253            
20  95  63  50  67 121 203 288 350 379 367 318 246 170 103  52  27  42  95 164 223 257 260 231 181   0201    50  0813   380  1509    27  2035   263            
21 125  80  52  47  77 146 235 314 364 376 349 289 212 136  74  32  23  57 124 196 250 273 264 227   0241    45  0848   377  1543    22  2114   274            
22 171 114  69  45  49  93 171 260 330 365 362 324 258 179 106  50  21  30  80 156 226 271 284 268   0323    43  0926   368  1618    19  2156   284            
23 225 165 107  63  44  57 110 192 274 331 353 341 297 228 150  81  34  18  43 106 185 250 286 293   0408    43  1008   353  1654    18  2245   294            
24 273 226 165 105  63  48  68 125 204 276 320 332 315 270 201 126  63  26  23  61 130 207 266 298   0458    48  1055   333  1734    20  2343   304            
25 303 282 234 170 110  68  55  78 134 205 265 300 308 291 247 180 108  52  24  32  77 148 221 276   0553    55  1151   309  1818    23                        
26 308 316 296 247 181 118  76  63  84 134 194 245 276 286 273 230 165  97  47  26  40  88 158 228   0049   317  0654    63  1259   286  1907    26            
27 283 320 334 315 264 194 129  85  68  83 124 176 221 254 270 261 220 156  91  46  29  44  92 160   0158   334  0802    68  1412   271  2002    29            
28 231 292 337 356 337 281 207 139  90  66  73 106 153 200 240 264 258 216 152  88  45  28  43  89   0303   356  0917    65  1521   266  2103    28            
29 157 233 303 358 380 359 297 217 144  89  57  56  85 133 187 236 266 261 216 150  87  43  24  35   0402   380  1032    53  1622   269  2209    23            
30  81 155 239 320 381 403 375 306 221 143  80  41  36  67 122 186 243 276 267 217 148  84  37  15   0457   403  1138    34  1718   278  2313    14            
31  25  75 156 251 341 404 421 384 307 217 133  64  21  18  56 122 196 259 289 273 218 146  80  29   0549   422  1235    14  1810   290                        
时区：-0800   潮高基准面：在平均海面下209cm
老北河口                                
2018年潮汐表   40°58′N121°50′E    2月
                                               每  日  逐  时  潮  高                                                 每  日  高  低  潮
日  0   1   2   3   4   5   6   7   8   9   10  11  12  13  14  15  16  17  18  19  20  21  22  23   潮时  潮高  潮时  潮高  潮时  潮高  潮时  潮高  潮时  潮高 
 1   4  16  73 165 269 362 421 428 381 298 204 116  44   2   7  57 134 215 278 302 278 217 142  74   0013     3  0638   432  1325    -2  1900   302            
 2  21  -5  13  80 181 289 379 429 424 367 279 183  93  22 -12   6  70 157 240 297 311 279 213 137   0108    -6  0725   433  1410   -13  1948   312            
 3  67  13  -9  18  95 202 308 388 424 407 342 252 157  69   5 -16  18  94 185 264 311 315 275 207   0159    -9  0811   425  1453   -17  2035   319            
 4 131  62  11  -4  34 119 224 320 386 407 378 310 220 129  48  -5  -9  41 125 213 283 319 313 269   0248    -5  0855   407  1535   -14  2123   322            
 5 201 127  61  16  11  58 145 242 323 372 379 343 273 188 103  34  -3  10  71 156 236 294 319 308   0336     7  0940   381  1616    -5  2212   320            
 6 262 196 126  65  29  34  87 169 252 315 347 344 304 237 158  84  28   8  36 103 183 252 297 315   0424    25  1025   350  1656     8  2304   315            
 7 300 255 193 129  76  49  62 114 186 251 296 316 307 267 204 135  74  33  28  66 132 202 258 295   0512    48  1113   316  1737    25  2359   309            
 8 309 294 251 194 136  91  72  89 136 193 240 270 283 272 235 179 120  72  45  53  94 155 213 259   0603    72  1205   283  1819    44                        
 9 291 304 290 250 197 147 109  94 110 147 189 221 243 254 244 211 162 113  77  62  76 116 169 218   0101   304  0659    94  1306   254  1903    62            
10 258 289 303 290 251 203 157 124 111 121 148 176 200 221 233 225 195 152 112  86  78  94 131 176   0202   303  0803   111  1412   233  1950    78            
11 220 260 293 308 293 254 207 165 133 118 122 139 160 183 207 222 215 185 147 114  94  90 105 139   0301   308  0917   117  1515   222  2044    89            
12 181 225 268 304 316 297 255 208 166 133 114 113 126 148 175 204 220 211 181 144 116  98  94 109   0354   316  1033   111  1611   220  2144    94            
13 142 187 236 284 320 326 299 252 203 159 122 100  99 115 144 179 211 225 211 177 141 113  95  92   0441   328  1134    97  1700   225  2243    91            
14 109 147 199 256 307 338 334 296 243 190 142 103  82  86 113 152 195 227 234 211 171 133 104  86   0523   341  1220    81  1743   236  2335    82            
15  84 108 157 219 283 333 354 336 286 225 168 117  79  65  81 122 173 220 247 243 208 162 120  89   0602   354  1257    65  1823   250                        
16  72  76 111 174 247 314 357 363 329 267 200 139  87  55  54  89 145 204 249 266 248 202 148 103   0021    70  0639   366  1331    50  1859   266            
17  70  56  71 122 199 279 343 374 363 312 241 168 106  58  37  55 109 179 241 279 281 248 191 131   0104    56  0715   375  1404    37  1935   285            
18  83  51  43  72 140 228 310 364 379 351 287 208 134  73  34  30  70 141 218 277 303 291 243 177   0145    42  0751   380  1436    27  2011   304            
19 113  63  35  37  82 164 257 333 373 372 328 255 173 100  46  20  36  95 180 258 308 320 294 236   0226    31  0828   378  1509    19  2049   321            
20 164  97  48  25  40  99 189 280 344 369 353 299 221 139  71  26  17  52 128 218 291 329 330 294   0309    25  0906   369  1544    15  2130   334            
21 229 153  86  40  24  50 119 210 292 342 353 326 267 188 110  49  17  24  76 162 250 314 342 334   0355    24  0947   354  1621    15  2216   344            
22 293 225 149  82  40  31  65 137 222 291 327 328 298 238 162  89  38  18  39 102 190 272 327 348   0443    30  1033   332  1701    18  2310   348            
23 337 295 227 151  86  47  43  80 148 223 278 304 302 272 215 143  78  35  25  55 123 207 282 330   0536    40  1126   307  1745    24                        
24 350 342 301 234 159  96  59  56  90 150 211 256 279 280 254 201 134  74  39  35  69 135 213 281   0013   351  0635    53  1232   283  1836    32            
25 329 353 350 312 246 172 109  71  65  92 141 192 233 259 267 246 197 133  77  45  43  75 136 208   0125   356  0741    63  1349   267  1934    40            
26 275 327 360 363 327 260 185 121  79  67  84 124 171 215 249 265 248 200 137  83  51  46  72 127   0235   366  0855    66  1502   265  2040    44            
27 197 268 330 372 379 342 273 195 128  80  59  70 106 155 207 252 274 258 208 144  88  52  41  62   0340   381  1010    59  1607   274  2152    41            
28 114 187 266 338 387 394 353 279 198 126  71  44  52  91 149 213 267 291 271 217 150  90  47  30   0439   397  1117    43  1704   291  2302    30            
时区：-0800   潮高基准面：在平均海面下209cm
老北河口                                
2018年潮汐表   40°58′N121°50′E    3月
                                               每  日  逐  时  潮  高                                                 每  日  高  低  潮
日  0   1   2   3   4   5   6   7   8   9   10  11  12  13  14  15  16  17  18  19  20  21  22  23   潮时  潮高  潮时  潮高  潮时  潮高  潮时  潮高  潮时  潮高 
 1  48 102 182 271 352 402 404 356 277 192 115  55  26  38  86 157 231 289 310 284 223 151  87  38   0532   410  1214    25  1756   310                        
 2  16  35  97 186 284 367 413 405 348 265 177  96  35  10  32  95 177 258 315 327 291 224 148  79   0004    16  0622   416  1302    10  1845   329            
 3  26   5  30 101 200 301 379 414 395 330 243 153  73  16   2  40 117 208 289 337 338 293 220 141   0059     5  0708   415  1346     1  1931   344            
 4  69  16   0  36 117 220 317 384 404 372 301 213 125  50   3   6  61 149 242 316 352 340 286 210   0150     0  0753   405  1427    -2  2015   354            
 5 131  60  12   6  54 142 242 327 378 382 340 266 180  98  33   2  23  93 186 274 335 356 333 274   0237     2  0835   387  1507     2  2059   356            
 6 198 121  55  16  23  81 170 259 327 360 351 302 228 149  77  26  14  53 132 221 296 342 350 320   0322    13  0917   362  1545    12  2143   352            
 7 259 186 115  58  31  50 113 194 268 316 333 313 262 194 124  65  30  37  89 169 249 308 339 338   0407    30  0958   333  1622    27  2227   343            
 8 303 244 177 114  67  53  81 142 211 265 295 300 276 227 166 108  64  46  68 126 200 265 309 329   0452    52  1040   301  1659    46  2316   330            
 9 322 287 233 172 119  83  78 110 163 215 251 269 267 243 199 148 103  73  69 100 158 221 271 302   0538    76  1126   270  1737    67                        
10 316 308 275 225 172 128 101 102 131 173 209 231 242 240 219 182 140 106  88  94 128 180 230 268   0010   317  0628    98  1224   243  1816    87            
11 294 307 299 268 222 176 138 117 119 142 171 195 211 223 223 206 173 139 114 104 115 147 191 231   0112   307  0725   115  1335   225  1900   104            
12 264 289 303 297 266 222 179 146 126 126 141 162 180 198 214 218 202 172 142 123 117 127 155 193   0215   304  0832   124  1445   219  1953   116            
13 229 262 291 308 300 267 222 180 147 126 122 132 150 172 196 217 223 205 174 146 127 121 129 154   0313   309  0945   121  1545   224  2058   121            
14 190 229 268 302 319 305 266 218 174 139 116 109 121 144 174 207 232 235 211 176 145 124 115 122   0405   319  1049   109  1635   237  2208   115            
15 148 188 236 283 320 332 309 261 208 160 122  98  95 114 149 191 232 255 248 215 172 137 112 100   0451   332  1138    93  1718   256  2309   100            
16 108 141 193 251 306 341 343 307 249 189 138  98  77  84 118 168 222 264 280 260 214 163 121  92   0532   347  1217    76  1757   280  2359    80            
17  80  95 140 206 275 332 360 346 296 228 163 110  72  60  82 135 201 262 300 302 265 206 146  99   0612   360  1252    59  1833   306                        
18  67  59  86 148 227 303 355 370 340 275 200 132  79  48  51  95 167 244 304 332 317 264 192 125   0046    58  0650   370  1326    44  1910   332            
19  74  43  44  87 164 253 328 370 368 322 247 167  99  51  32  55 121 208 290 343 355 323 255 175   0129    39  0728   375  1359    32  1946   357            
20 103  51  25  38  97 187 279 346 373 354 295 213 133  69  30  28  72 157 253 331 372 369 321 243   0212    24  0806   373  1434    24  2025   376            
21 158  84  33  15  42 115 211 298 352 363 331 263 180 103  46  20  36  99 196 294 363 390 372 314   0256    15  0845   364  1510    19  2106   390            
22 231 144  71  25  17  56 136 230 306 344 342 302 232 151  80  33  21  53 131 232 323 380 395 369   0342    14  0927   349  1549    20  2151   395            
23 306 222 136  67  27  27  74 155 240 301 327 317 274 206 130  68  31  31  75 160 258 338 383 391   0430    21  1013   327  1631    26  2243   393            
24 363 301 218 136  71  36  42  91 166 239 286 304 292 252 189 120  65  37  46  97 180 269 338 377   0522    33  1107   304  1717    35  2344   385            
25 384 358 300 221 143  82  51  58 103 168 227 266 282 275 241 184 121  71  49  61 111 187 266 327   0619    48  1214   283  1811    48                        
26 365 377 358 304 229 154  95  64  69 106 160 210 247 269 270 241 188 129  82  61  71 115 182 252   0055   377  0723    61  1333   273  1912    60            
27 311 354 375 362 312 239 165 106  73  71 100 146 193 236 268 277 252 200 141  94  69  73 108 167   0209   376  0832    68  1447   278  2023    67            
28 233 297 349 379 369 320 246 172 111  73  65  88 132 184 238 280 294 269 215 154 103  71  66  94   0318   380  0944    64  1552   294  2139    64            
29 148 217 288 351 386 376 323 248 172 108  64  53  75 125 188 253 303 317 288 228 162 105  65  52   0418   388  1050    52  1649   318  2252    52            
30  76 132 208 289 358 393 378 320 242 163  95  50  39  69 129 205 280 332 340 302 236 164 100  53   0513   394  1146    38  1740   343  2354    37            
31  37  62 125 210 298 367 395 371 307 226 146  77  34  31  73 147 235 313 360 357 308 235 158  89   0602   395  1234    26  1827   365                        
时区：-0800   潮高基准面：在平均海面下209cm
老北河口                                
2018年潮汐表   40°58′N121°50′E    4月
                                               每  日  逐  时  潮  高                                                 每  日  高  低  潮
日  0   1   2   3   4   5   6   7   8   9   10  11  12  13  14  15  16  17  18  19  20  21  22  23   潮时  潮高  潮时  潮高  潮时  潮高  潮时  潮高  潮时  潮高 
 1  39  25  57 130 222 311 374 390 355 284 202 123  57  22  33  90 178 270 345 380 364 305 227 147   0049    24  0648   391  1317    20  1911   381            
 2  75  27  21  65 146 240 323 372 373 328 254 174  99  41  19  48 121 216 307 370 389 359 293 212   0138    17  0731   379  1357    19  1953   390            
 3 132  64  23  29  84 170 259 329 361 347 294 220 145  78  33  30  76 161 256 336 383 386 344 274   0223    19  0812   362  1435    25  2033   390            
 4 194 118  57  28  48 112 196 273 324 339 313 257 188 121  66  38  53 115 204 291 354 383 371 322   0307    28  0852   340  1511    37  2113   384            
 5 252 177 108  58  44  76 143 218 277 310 310 277 222 161 105  65  54  87 157 242 314 359 371 349   0349    43  0930   314  1547    53  2152   372            
 6 298 231 163 105  67  66 106 170 230 271 288 278 244 194 142 100  75  81 125 197 270 324 352 353   0431    62  1009   288  1621    73  2232   356            
 7 326 275 214 155 107  82  92 134 188 232 257 263 250 218 175 134 104  93 111 161 227 285 322 338   0514    81  1050   263  1656    93  2316   339            
 8 333 305 258 203 152 114 100 115 154 195 224 239 241 229 202 166 135 115 115 140 188 244 288 313   0600   100  1143   242  1732   112                        
 9 323 317 290 246 196 153 123 114 131 163 193 212 224 228 220 197 166 141 129 134 161 204 249 282   0011   323  0650   114  1258   228  1814   128            
10 302 312 308 283 240 193 154 129 123 137 162 186 203 218 227 222 200 171 149 139 146 170 207 244   0117   313  0747   122  1414   228  1908   139            
11 273 295 310 307 280 236 190 153 129 123 134 157 180 203 225 239 234 208 177 154 143 147 167 200   0224   312  0850   122  1515   240  2016   142            
12 235 268 297 316 312 280 231 183 146 121 114 127 152 183 216 246 261 250 217 180 152 137 136 154   0323   318  0951   114  1605   261  2132   134            
13 188 229 270 307 328 319 278 223 171 131 106 101 119 155 198 243 278 288 265 221 175 141 120 117   0413   329  1043   101  1649   289  2240   115            
14 136 177 229 282 324 342 322 270 207 152 111  87  89 119 169 228 282 316 314 276 219 163 121  96   0459   342  1127    84  1728   320  2337    91            
15  93 120 173 238 300 343 351 318 254 185 127  86  68  82 129 198 270 327 352 335 279 209 145  96   0542   353  1207    68  1806   353                        
16  68  71 110 178 255 321 358 353 304 231 158 100  62  54  85 152 238 318 371 382 346 274 193 121   0027    65  0623   362  1244    53  1844   384            
17  69  43  55 110 192 276 340 365 344 282 202 128  72  43  49 100 187 284 364 407 401 347 262 173   0113    42  0703   365  1322    40  1923   410            
18  98  45  25  50 120 212 296 350 361 325 254 171 100  50  31  55 126 228 329 402 430 407 339 246   0158    25  0744   363  1359    31  2003   430            
19 154  78  28  18  57 138 232 310 350 347 300 225 144  77  36  31  72 159 268 366 426 439 403 327   0244    16  0825   354  1439    28  2046   440            
20 231 138  64  21  21  72 158 248 313 340 326 274 199 123  64  32  40  96 192 300 387 434 435 392   0330    15  0909   341  1520    30  2131   440            
21 313 218 129  60  24  33  91 175 255 307 323 303 252 181 112  61  38  56 121 219 319 393 428 422   0419    21  0957   323  1606    38  2222   430            
22 378 301 211 126  63  34  50 108 186 253 294 305 286 239 175 112  67  51  76 142 234 322 383 412   0510    33  1052   305  1656    51  2321   414            
23 406 366 294 209 130  72  47  66 120 188 244 279 291 278 237 179 121  80  67  92 154 236 310 364   0605    47  1201   291  1752    67                        
24 392 392 357 291 211 136  82  60  77 125 182 232 268 287 282 246 191 136  96  82 102 155 224 289   0030   396  0704    60  1319   289  1856    82            
25 341 374 382 353 291 214 143  91  68  81 122 173 223 267 296 297 264 209 153 110  91 103 145 204   0144   383  0808    68  1432   301  2008    91            
26 265 321 363 377 351 291 216 146  94  69  78 115 167 224 278 316 319 285 227 167 119  92  95 128   0253   377  0914    68  1535   323  2125    89            
27 183 246 308 358 375 348 287 212 143  90  64  71 110 169 237 301 343 344 303 240 175 120  85  81   0354   375  1017    62  1631   349  2238    79            
28 110 165 234 305 358 373 341 277 202 133  80  55  66 113 182 261 332 372 365 315 246 175 114  73   0449   374  1112    54  1721   375  2341    64            
29  66  97 158 234 309 360 367 328 260 186 118  67  47  67 126 208 295 366 396 377 318 242 167 102   0539   370  1201    47  1806   397                        
30  59  55  93 162 243 316 359 354 307 237 165 100  55  45  80 152 244 332 394 410 377 310 230 153   0036    51  0624   363  1244    43  1849   411            
时区：-0800   潮高基准面：在平均海面下209cm
老北河口                                
2018年潮汐表   40°58′N121°50′E    5月
                                               每  日  逐  时  潮  高                                                 每  日  高  低  潮
日  0   1   2   3   4   5   6   7   8   9   10  11  12  13  14  15  16  17  18  19  20  21  22  23   潮时  潮高  潮时  潮高  潮时  潮高  潮时  潮高  潮时  潮高 
 1  87  48  53 101 177 258 322 351 334 279 210 142  84  49  54 105 189 284 365 412 411 365 292 212   0125    44  0707   351  1325    45  1929   418            
 2 136  74  45  61 120 198 272 323 335 306 248 183 122  74  53  75 141 232 321 388 417 400 344 269   0209    44  0747   336  1402    53  2007   417            
 3 191 119  66  50  80 145 219 281 315 312 275 218 159 108  73  68 107 183 273 351 399 409 378 316   0251    50  0826   318  1438    65  2044   410            
 4 243 170 107  66  65 106 172 237 282 299 285 244 192 142 102  81  93 146 227 308 368 396 390 350   0332    60  0903   299  1512    80  2119   398            
 5 287 218 153 100  73  86 134 195 246 274 279 258 219 173 133 105  98 125 186 263 330 371 383 366   0412    73  0940   280  1545    97  2155   383            
 6 322 261 197 141 100  86 110 159 211 246 262 259 237 201 163 132 115 121 158 221 289 339 364 364   0452    86  1020   263  1618   114  2231   367            
 7 341 297 239 182 134 104 102 131 177 217 241 250 245 225 193 161 138 130 145 186 245 301 336 350   0534    99  1108   250  1654   130  2315   350            
 8 345 321 278 223 171 131 110 116 147 187 218 235 243 240 223 194 165 147 144 163 204 256 300 326   0618   109  1217   243  1739   143                        
 9 335 331 308 265 212 164 129 115 125 155 190 217 235 246 247 230 201 172 155 154 172 210 254 290   0013   335  0706   115  1334   248  1834   152            
10 313 325 323 300 256 203 157 127 116 128 158 192 220 244 262 264 244 210 178 158 155 170 203 243   0126   326  0758   116  1438   266  1941   154            
11 277 304 321 323 297 249 194 148 120 112 126 158 196 233 266 289 289 261 218 179 154 146 157 187   0234   325  0852   112  1530   292  2056   146            
12 227 267 302 326 326 295 240 181 136 109 103 122 160 209 258 300 324 315 275 221 174 142 128 136   0332   330  0945   102  1616   325  2209   128            
13 168 214 263 307 334 330 290 227 165 119  93  92 119 170 233 294 342 361 339 283 217 161 122 103   0424   337  1034    89  1658   361  2312   103            
14 112 150 207 268 318 344 331 279 209 145  99  76  82 122 189 267 339 386 394 355 284 207 142  97   0511   345  1120    74  1740   397                        
15  77  91 139 209 279 332 350 325 262 186 122  78  60  77 134 219 310 385 426 418 361 277 191 120   0007    76  0556   351  1203    60  1821   429            
16  71  53  76 138 219 294 343 350 311 240 162  99  59  49  81 155 256 355 427 455 430 358 263 171   0057    53  0640   353  1246    48  1902   455            
17  97  48  37  73 147 235 308 348 342 292 216 138  79  45  46  93 184 295 394 457 470 430 347 247   0145    35  0723   351  1329    40  1945   472            
18 152  77  32  30  79 163 252 318 345 328 271 193 120  65  38  52 114 217 330 422 472 471 419 331   0232    25  0807   345  1413    37  2029   478            
19 229 136  64  25  34  94 182 265 320 336 311 252 177 108  59  41  65 139 247 355 435 471 459 402   0319    22  0853   336  1459    41  2115   473            
20 313 214 124  57  27  47 113 198 272 316 324 296 239 169 106  63  51  84 164 269 366 432 457 440   0407    26  0944   326  1548    50  2206   457            
21 382 296 202 118  57  36  63 131 209 272 308 314 288 235 171 112  74  67 105 183 279 362 415 435   0457    36  1041   315  1640    65  2302   435            
22 417 363 283 194 116  63  49  80 144 214 268 301 309 288 241 181 126  90  85 122 193 275 345 390   0548    48  1148   310  1737    82                        
23 409 396 347 272 189 117  70  61  93 152 213 264 299 314 299 255 197 143 107 101 132 192 261 320   0007   410  0643    59  1301   314  1840    99            
24 363 386 378 334 263 186 119  77  71 101 154 211 264 306 328 316 274 216 161 123 112 134 182 240   0117   387  0740    69  1411   328  1950   111            
25 294 340 368 364 322 255 182 120  82  76 104 154 213 271 322 349 338 293 233 175 133 115 127 166   0224   371  0839    74  1514   350  2105   114            
26 217 272 323 356 353 311 245 175 118  82  77 105 157 221 289 347 374 359 309 245 183 135 110 115   0326   360  0938    75  1609   375  2219   108            
27 149 200 259 315 349 343 297 232 166 112  78  76 108 167 240 315 375 398 374 317 248 183 130 100   0422   352  1034    73  1658   398  2325    96            
28 102 136 191 256 313 343 330 281 216 154 103  74  77 118 186 268 347 403 414 379 315 243 175 118   0512   344  1125    71  1744   416                        
29  87  93 132 193 260 315 335 313 260 198 140  94  72  85 137 215 302 379 423 420 374 304 230 160   0021    85  0559   335  1210    71  1826   428            
30 104  77  90 138 204 270 315 324 292 237 178 126  88  75 101 166 252 339 405 433 414 358 285 210   0110    76  0642   326  1252    74  1905   434            
31 142  90  73  98 154 221 279 312 307 268 214 160 115  86  86 128 203 292 371 422 431 397 333 260   0154    73  0723   315  1330    81  1943   433            
时区：-0800   潮高基准面：在平均海面下209cm
老北河口                                
2018年潮汐表   40°58′N121°50′E    6月
                                               每  日  逐  时  潮  高                                                 每  日  高  低  潮
日  0   1   2   3   4   5   6   7   8   9   10  11  12  13  14  15  16  17  18  19  20  21  22  23   潮时  潮高  潮时  潮高  潮时  潮高  潮时  潮高  潮时  潮高 
 1 187 123  81  77 114 175 238 285 303 286 243 192 145 109  91 107 163 245 330 394 426 418 372 304   0235    73  0801   303  1406    91  2018   428            
 2 232 164 107  78  89 137 199 253 285 290 265 221 174 135 109 104 135 202 285 359 406 419 395 342   0314    77  0838   292  1440   103  2051   419            
 3 273 204 143  97  83 109 163 220 262 281 275 245 203 162 131 115 124 168 241 318 376 405 402 368   0352    83  0915   282  1513   114  2124   408            
 4 311 244 180 127  94  95 131 187 236 266 274 261 231 192 157 133 126 147 200 272 339 381 394 380   0429    89  0954   274  1548   126  2159   394            
 5 341 283 218 160 116  96 110 154 207 246 266 269 254 224 188 156 138 140 169 226 293 347 375 378   0507    96  1038   270  1627   136  2238   379            
 6 358 317 259 197 145 111 102 126 173 221 253 268 269 255 225 189 160 146 153 186 242 301 342 361   0546   102  1135   271  1713   145  2326   363            
 7 360 339 297 239 181 134 108 110 140 188 231 260 275 279 265 233 195 165 152 161 194 245 296 330   0627   105  1244   279  1808   152                        
 8 345 345 325 282 224 167 126 107 116 150 198 240 271 291 298 282 246 203 170 155 162 192 237 281   0030   347  0712   107  1351   298  1912   154            
 9 313 332 335 316 271 211 155 118 105 119 157 206 252 290 317 325 304 260 209 171 151 154 180 221   0143   336  0800   105  1449   326  2023   149            
10 264 299 324 331 311 261 198 143 109 100 118 160 215 271 318 352 357 327 271 212 166 140 138 160   0250   332  0851   100  1540   359  2137   136            
11 200 247 290 322 332 306 250 184 130  98  92 115 165 230 297 355 391 389 346 278 209 156 123 115   0348   332  0943    91  1628   395  2246   115            
12 137 182 237 289 327 333 300 237 168 115  85  83 112 173 251 331 396 429 416 358 278 201 140 101   0441   335  1036    80  1714   430  2347    90            
13  91 116 170 235 295 333 334 291 222 151  99  71  73 112 187 280 369 436 461 434 362 272 187 120   0531   339  1127    68  1759   461                        
14  77  69 103 167 242 306 340 331 279 205 135  84  59  67 119 208 312 407 469 482 440 357 260 170   0042    68  0618   342  1217    57  1844   484            
15  99  56  54  99 174 255 318 344 324 265 189 120  71  49  67 132 234 345 438 491 490 435 344 243   0132    49  0705   344  1306    49  1929   497            
16 151  79  40  49 105 189 271 327 344 315 251 176 109  62  46  74 151 261 373 458 498 484 420 326   0220    37  0752   344  1355    46  2015   499            
17 224 133  63  32  53 120 208 285 333 340 306 241 167 103  60  50  88 174 286 391 464 490 467 399   0307    32  0840   342  1445    49  2102   490            
18 304 205 117  54  33  66 140 226 296 334 335 299 236 165 105  65  62 107 197 304 397 455 471 442   0354    33  0931   340  1535    58  2152   471            
19 374 282 187 105  51  42  85 161 241 302 333 332 296 237 170 112  77  79 128 215 311 388 434 444   0440    39  1027   337  1628    72  2245   445            
20 414 348 261 173  98  55  56 105 179 251 304 333 333 300 244 181 126  94  99 147 225 306 369 406   0528    49  1130   337  1724    91  2343   415            
21 413 385 324 243 162  96  63  73 123 192 256 305 335 339 311 257 196 143 113 118 160 226 291 343   0617    61  1237   341  1823   110                        
22 376 385 360 302 227 154  98  73  88 137 199 259 309 344 351 325 273 213 161 131 132 165 217 270   0047   385  0708    73  1344   353  1928   127            
23 316 349 360 338 284 215 149 102  83 100 146 205 264 318 358 368 341 288 228 176 143 138 162 202   0152   361  0801    83  1446   369  2040   137            
24 248 292 328 342 320 268 204 146 105  91 109 153 211 274 334 377 385 355 299 239 186 149 137 152   0255   342  0857    91  1542   387  2155   137            
25 186 229 276 315 328 304 253 194 142 107  96 115 161 222 291 355 398 400 363 305 243 187 146 129   0352   328  0953    96  1633   404  2305   129            
26 140 173 219 269 308 317 290 239 184 138 107  99 122 173 241 315 380 416 409 364 302 238 180 136   0445   319  1046    98  1720   419                        
27 117 130 167 217 270 306 308 275 224 174 133 106 103 133 192 267 344 405 429 409 356 291 225 165   0005   117  0533   311  1136   101  1803   429            
28 121 107 126 170 225 276 304 297 259 209 164 127 105 110 151 220 300 374 424 433 400 339 271 205   0055   106  0618   306  1221   103  1842   435            
29 145 106 101 131 183 240 284 302 284 242 194 153 121 107 124 177 254 335 401 435 427 381 315 245   0138    98  0659   302  1301   107  1919   437            
30 180 124  95 103 145 203 257 291 296 269 224 179 142 117 113 144 210 292 368 420 435 411 354 285   0217    93  0738   298  1339   111  1953   436            
时区：-0800   潮高基准面：在平均海面下209cm
老北河口                                
2018年潮汐表   40°58′N121°50′E    7月
                                               每  日  逐  时  潮  高                                                 每  日  高  低  潮
日  0   1   2   3   4   5   6   7   8   9   10  11  12  13  14  15  16  17  18  19  20  21  22  23   潮时  潮高  潮时  潮高  潮时  潮高  潮时  潮高  潮时  潮高 
 1 216 153 106  91 115 168 227 273 295 287 253 208 166 134 116 125 171 246 328 393 428 426 387 323   0253    90  0815   296  1414   115  2027   432            
 2 252 186 129  94  96 135 195 250 286 295 278 239 193 155 128 120 143 201 282 357 407 425 407 358   0328    90  0851   296  1450   120  2059   425            
 3 290 220 158 110  90 109 161 223 271 295 294 269 227 183 147 127 129 164 232 311 375 410 412 383   0402    90  0928   298  1527   124  2134   415            
 4 327 258 190 134  99  95 129 189 248 287 302 294 264 221 177 144 129 140 185 256 329 380 400 392   0436    92  1008   302  1608   129  2211   401            
 5 356 298 229 165 117  95 106 152 215 269 300 309 297 265 220 176 144 134 152 202 271 335 373 384   0511    94  1056   309  1654   134  2255   384            
 6 370 331 272 205 146 107  96 121 174 236 285 311 319 306 273 225 178 147 140 162 212 275 327 357   0549    96  1154   319  1747   139  2349   364            
 7 363 349 310 251 185 132 102 102 135 192 252 298 325 335 323 286 233 184 152 144 166 211 266 311   0630    97  1259   335  1846   144                        
 8 337 345 332 294 234 170 122  99 107 145 204 264 312 344 358 345 303 244 190 155 145 161 201 249   0056   345  0715    98  1404   358  1953   144            
 9 290 318 331 321 282 221 158 115  97 110 151 211 274 328 368 386 370 320 254 195 154 138 149 182   0209   331  0805    97  1504   386  2107   138            
10 227 271 305 324 316 274 210 149 108  93 108 152 216 286 350 398 417 395 336 262 196 149 125 129   0315   325  0901    93  1559   417  2221   123            
11 160 208 258 301 324 314 268 201 140 100  86 102 150 222 303 377 431 447 416 346 264 191 136 106   0415   326  1000    86  1651   448  2328   102            
12 107 140 195 255 305 330 315 262 192 131  91  77  94 149 231 324 407 462 472 429 349 260 180 119   0509   330  1059    76  1741   474                        
13  84  86 127 192 261 316 338 315 256 184 122  80  65  87 151 246 349 436 487 486 431 343 249 164   0027    80  0601   338  1157    65  1829   494            
14  98  63  72 124 200 276 330 345 315 250 176 112  70  56  85 160 266 374 459 501 488 423 329 231   0118    61  0650   346  1252    56  1916   503            
15 143  76  47  68 133 218 295 344 351 312 243 168 104  61  52  90 176 289 396 473 502 477 405 308   0206    47  0738   354  1344    50  2002   502            
16 208 121  58  40  75 152 241 315 356 353 309 238 163 100  58  55 103 197 310 409 474 490 455 378   0251    39  0827   360  1435    50  2049   491            
17 281 184 101  47  43  92 176 264 331 363 353 305 235 162 100  62  66 123 219 325 411 461 466 425   0335    38  0917   364  1525    58  2136   470            
18 347 254 162  86  45  56 116 202 284 341 365 352 303 235 164 105  73  85 146 239 332 401 437 434   0419    43  1009   366  1616    72  2225   441            
19 390 315 227 143  79  52  76 143 225 297 346 366 351 304 239 172 118  92 108 169 251 327 381 406   0502    52  1105   366  1708    91  2318   408            
20 399 356 285 205 131  79  66 100 167 242 305 348 366 352 308 247 184 134 113 132 185 253 312 353   0547    65  1206   366  1803   113                        
21 373 365 324 260 188 125  87  85 123 186 252 308 348 368 357 315 257 198 153 135 150 193 245 290   0015   374  0633    80  1310   369  1903   135            
22 324 342 336 299 240 177 126  98 103 141 199 257 310 352 374 364 324 268 212 170 151 161 192 230   0117   344  0721    96  1413   375  2010   151            
23 266 298 318 314 279 226 172 130 110 119 155 206 261 314 360 383 373 331 277 224 182 160 161 183   0221   320  0813   109  1512   384  2125   158            
24 213 246 280 302 298 265 216 170 136 120 129 163 212 268 325 373 395 380 336 281 229 185 158 154   0323   304  0909   120  1606   395  2242   153            
25 169 198 234 271 294 288 255 210 169 140 126 136 170 221 281 342 390 406 383 335 279 225 179 148   0419   296  1007   126  1654   406  2346   141            
26 141 158 190 232 272 293 282 246 203 167 140 128 140 178 235 301 364 407 413 380 326 268 212 163   0510   293  1103   128  1738   415                        
27 132 129 153 193 241 280 294 276 237 196 161 136 127 145 192 258 329 389 421 413 369 310 248 190   0036   127  0556   294  1153   127  1818   423            
28 142 116 123 158 208 257 291 295 268 226 185 152 129 126 155 214 288 359 411 428 404 350 285 221   0117   115  0637   298  1237   124  1855   429            
29 163 119 105 127 175 231 279 303 294 258 212 171 139 121 129 172 243 322 388 427 426 387 323 254   0153   105  0715   304  1316   120  1929   432            
30 189 135 101 103 143 202 260 300 311 290 246 197 156 126 116 137 195 276 354 410 432 414 361 290   0226    97  0750   312  1354   115  2003   432            
31 219 157 110  91 114 169 236 289 318 315 282 232 181 140 115 115 152 224 309 381 422 426 392 329   0258    91  0825   321  1431   111  2036   429            
时区：-0800   潮高基准面：在平均海面下209cm
老北河口                                
2018年潮汐表   40°58′N121°50′E    8月
                                               每  日  逐  时  潮  高                                                 每  日  高  低  潮
日  0   1   2   3   4   5   6   7   8   9   10  11  12  13  14  15  16  17  18  19  20  21  22  23   潮时  潮高  潮时  潮高  潮时  潮高  潮时  潮高  潮时  潮高 
 1 254 185 128  93  93 135 203 270 315 331 316 274 218 166 127 109 121 172 253 336 395 420 409 363   0330    87  0900   331  1510   108  2111   421            
 2 294 219 153 105  85 105 164 238 301 336 340 315 266 207 155 119 108 132 194 277 352 397 407 384   0402    85  0938   342  1551   108  2148   408            
 3 332 261 187 128  91  88 126 195 270 325 350 346 315 262 201 149 117 113 146 213 291 354 386 386   0435    85  1021   352  1637   111  2230   389            
 4 357 302 231 162 110  86  99 149 224 295 342 361 353 319 264 201 149 120 122 159 224 294 344 365   0511    86  1112   361  1728   117  2319   367            
 5 361 331 276 207 144 101  89 113 171 245 311 353 370 363 328 271 207 155 127 131 167 225 284 324   0552    88  1213   371  1824   125                        
 6 342 338 310 257 191 133  98  94 125 186 258 320 361 382 378 343 283 216 163 135 135 166 215 265   0020   343  0637    92  1322   384  1929   131            
 7 301 320 322 297 245 182 128  98  99 133 192 262 324 370 398 397 361 297 228 171 139 133 156 197   0134   324  0728    95  1430   402  2041   132            
 8 242 280 307 314 292 240 177 126  99 100 132 190 260 327 383 419 420 380 311 237 176 136 123 138   0248   315  0827    96  1533   424  2158   123            
 9 176 223 268 304 317 294 240 176 125  97  95 125 183 258 334 401 442 442 396 320 240 173 126 105   0354   317  0933    92  1630   448  2308   105            
10 117 157 212 268 312 326 300 242 176 122  90  85 113 175 259 347 422 465 459 404 322 237 163 109   0452   327  1041    83  1724   469                        
11  84  98 147 213 280 328 340 307 243 174 116  79  71 101 172 266 364 443 482 467 403 314 224 145   0008    84  0546   341  1145    69  1814   483            
12  87  64  87 148 227 301 349 354 312 243 169 108  66  58  95 176 281 383 459 489 463 390 297 203   0100    64  0636   358  1243    56  1902   489            
13 121  65  51  88 163 251 326 369 364 314 240 163  98  55  51  98 189 300 400 467 484 446 367 271   0146    50  0724   373  1336    47  1948   485            
14 177  97  48  48 102 189 280 351 384 369 312 234 156  90  49  53 111 210 319 410 463 466 419 336   0230    41  0811   385  1426    44  2033   472            
15 241 150  77  41  58 127 220 309 370 392 367 306 228 150  86  52  66 133 233 333 410 447 437 383   0312    40  0858   392  1515    50  2118   449            
16 301 210 126  65  45  80 159 252 331 381 392 362 299 222 148  90  64  88 159 253 339 397 419 401   0352    45  0946   393  1603    64  2203   419            
17 345 266 183 110  63  61 109 191 277 345 383 386 353 292 220 151 101  85 116 185 266 333 374 385   0433    55  1036   389  1651    85  2250   385            
18 362 307 235 162 103  72  85 141 220 294 348 378 378 346 288 221 160 118 110 143 204 268 316 344   0514    71  1130   382  1742   108  2341   350            
19 349 326 276 212 151 105  89 112 169 239 301 345 371 370 340 287 227 173 139 135 164 212 259 293   0556    89  1230   374  1837   133                        
20 314 317 296 252 198 148 116 110 138 191 250 300 339 364 366 338 289 235 188 158 154 176 210 242   0041   319  0640   108  1333   369  1938   152            
21 268 288 294 276 237 191 152 130 130 157 203 252 297 336 363 366 339 292 242 199 171 163 176 199   0148   294  0729   126  1436   368  2050   163            
22 223 248 271 280 265 230 191 160 142 145 168 208 252 296 338 368 369 341 295 247 205 174 161 167   0255   280  0824   141  1533   373  2209   161            
23 185 209 238 265 276 261 227 192 165 150 151 172 209 254 302 348 377 374 341 293 244 200 167 150   0355   276  0927   148  1625   380  2318   149            
24 154 173 204 240 271 279 260 226 192 166 150 150 171 211 262 317 365 389 377 336 284 232 186 150   0448   280  1031   148  1710   390                        
25 135 143 171 212 254 284 286 260 222 187 160 143 144 171 220 280 340 385 399 374 324 266 212 163   0008   134  0534   289  1127   141  1751   399            
26 129 120 141 183 232 277 301 292 256 213 176 146 130 138 176 237 305 366 403 402 363 303 241 183   0046   120  0614   302  1214   129  1828   408            
27 136 109 114 152 207 263 305 316 293 247 199 158 128 116 135 188 262 336 391 414 396 342 274 208   0120   106  0650   317  1256   116  1904   414            
28 151 109  95 121 176 243 299 331 327 289 233 179 136 108 106 140 209 292 364 409 415 379 313 239   0152    95  0724   334  1335   103  1938   418            
29 173 119  89  94 141 212 284 334 351 331 279 215 158 114  92 102 154 236 322 386 415 403 352 278   0222    86  0758   351  1414    91  2012   416            
30 202 138  94  79 106 172 254 324 362 364 329 266 197 137  96  83 108 174 263 345 396 408 380 319   0253    78  0833   368  1454    82  2048   409            
31 241 167 110  77  81 129 211 295 357 382 369 323 253 181 122  86  82 120 197 286 357 392 390 351   0325    74  0910   383  1536    79  2126   396            
时区：-0800   潮高基准面：在平均海面下209cm
老北河口                                
2018年潮汐表   40°58′N121°50′E    9月
                                               每  日  逐  时  潮  高                                                 每  日  高  低  潮
日  0   1   2   3   4   5   6   7   8   9   10  11  12  13  14  15  16  17  18  19  20  21  22  23   潮时  潮高  潮时  潮高  潮时  潮高  潮时  潮高  潮时  潮高 
 1 285 207 138  89  72  94 159 248 329 379 392 370 316 243 170 114  83  89 137 216 298 355 376 364   0359    72  0951   393  1622    81  2207   376            
 2 320 253 179 117  79  76 114 190 279 352 391 396 369 312 239 167 114  89 101 153 228 298 341 353   0436    73  1039   398  1711    88  2255   353            
 3 336 293 228 160 106  79  87 135 214 298 361 394 397 370 314 242 171 120  99 114 163 229 285 319   0517    77  1136   399  1806    99  2354   328            
 4 328 313 274 214 150 103  84 100 151 227 304 361 392 399 376 322 250 181 131 110 122 164 218 265   0604    84  1244   400  1909   109                        
 5 296 308 300 265 208 149 106  91 109 158 228 299 354 391 405 387 334 262 192 141 116 122 155 201   0110   309  0659    91  1358   405  2019   115            
 6 244 278 299 298 267 211 154 112  96 110 154 219 287 348 394 416 401 347 273 201 146 115 113 139   0229   303  0803    96  1508   416  2134   110            
 7 181 228 272 304 308 276 219 160 116  96 103 141 203 275 345 402 430 415 357 279 204 143 105  97   0338   310  0915    95  1610   431  2245    95            
 8 120 167 224 280 320 325 289 228 165 116  88  88 123 188 269 350 415 445 424 360 278 198 131  87   0438   328  1029    84  1706   445  2345    77            
 9  78 106 163 234 301 344 345 302 234 166 109  74  70 107 180 271 361 429 454 424 354 266 182 111   0532   350  1136    67  1757   454                        
10  67  62 102 174 257 329 370 362 310 236 161  98  57  54  98 181 282 376 440 454 414 336 245 159   0036    59  0621   373  1234    50  1845   455            
11  88  48  56 112 198 288 361 392 373 312 231 151  84  43  46 101 194 298 388 441 442 391 308 217   0121    45  0707   393  1327    38  1930   448            
12 132  66  38  63 135 231 323 387 406 375 306 221 140  73  36  50 116 214 315 394 431 418 359 275   0203    38  0752   407  1416    35  2014   433            
13 186 107  51  40  83 168 268 353 404 409 367 294 209 129  67  40  65 140 237 327 389 410 384 321   0243    38  0836   413  1502    40  2057   410            
14 239 158  88  48  55 114 206 301 373 409 402 353 279 198 123  69  54  91 168 256 329 373 378 345   0323    44  0920   412  1548    53  2139   381            
15 282 207 136  80  57  82 152 242 324 380 402 386 336 264 189 123  80  78 121 193 266 320 347 342   0401    57  1005   403  1634    73  2222   349            
16 306 248 182 123  83  77 115 188 269 336 376 388 368 318 253 186 130  99 105 149 211 266 301 316   0439    75  1053   388  1721    96  2309   317            
17 307 273 222 167 122  97 104 149 217 285 335 364 370 350 305 246 188 142 120 131 169 217 254 278   0518    95  1146   371  1811   119                        
18 287 279 250 206 163 130 117 132 177 236 289 326 349 355 337 296 243 193 155 139 149 179 212 237   0005   287  0600   117  1247   356  1907   139            
19 255 265 260 236 200 166 143 137 156 196 243 284 315 338 346 330 291 243 199 166 151 157 178 200   0116   266  0645   137  1352   346  2012   150            
20 220 239 254 253 233 202 173 156 153 170 203 241 276 308 334 344 327 289 243 201 170 153 154 169   0229   256  0739   152  1454   344  2125   151            
21 188 210 236 256 256 236 206 180 163 160 172 200 235 272 308 339 348 327 285 239 197 164 145 144   0332   259  0845   159  1549   348  2233   142            
22 158 182 213 246 268 266 241 208 181 163 156 166 193 232 275 319 350 354 325 278 228 184 149 130   0425   270  0957   156  1637   357  2324   128            
23 132 153 188 230 268 287 276 243 205 174 152 143 154 187 235 288 337 365 358 318 263 209 163 128   0508   287  1059   143  1719   367                        
24 113 125 160 209 260 298 308 283 239 194 158 132 124 142 188 248 310 358 376 355 303 240 183 135   0004   112  0547   308  1151   124  1758   376            
25 104 100 128 182 244 298 329 324 284 228 176 134 108 105 137 197 269 335 377 380 343 278 210 151   0038    98  0622   332  1235   102  1835   384            
26 106  84  97 146 217 287 339 356 333 277 210 151 107  83  92 140 215 295 358 387 373 320 247 176   0110    84  0656   356  1317    82  1911   388            
27 118  81  74 108 178 261 333 374 375 333 263 188 125  81  65  88 152 239 320 373 386 355 290 211   0142    72  0730   380  1357    65  1948   387            
28 141  89  63  75 131 218 308 374 400 383 325 245 165 101  61  55  94 172 263 337 376 372 328 255   0214    62  0806   401  1439    53  2025   380            
29 177 111  68  57  88 164 262 350 403 414 381 312 227 146  84  50  56 109 194 282 343 367 350 297   0248    56  0844   416  1522    47  2104   367            
30 222 147  88  57  61 111 200 300 379 419 417 374 300 212 133  75  49  66 127 212 290 337 347 322   0324    53  0926   423  1608    49  2147   348            
时区：-0800   潮高基准面：在平均海面下209cm
老北河口                                
2018年潮汐表   40°58′N121°50′E   10月
                                               每  日  逐  时  潮  高                                                 每  日  高  低  潮
日  0   1   2   3   4   5   6   7   8   9   10  11  12  13  14  15  16  17  18  19  20  21  22  23   潮时  潮高  潮时  潮高  潮时  潮高  潮时  潮高  潮时  潮高 
 1 267 195 126  76  56  75 137 231 326 394 422 411 365 290 205 129  76  57  81 143 222 286 321 324   0403    56  1013   423  1658    57  2236   326            
 2 297 245 178 116  74  63  92 161 252 337 393 415 402 358 286 204 132  83  69  95 154 221 273 300   0448    63  1108   415  1752    68  2337   305            
 3 303 281 233 172 116  80  75 108 175 259 333 382 403 395 355 287 209 140  94  80 104 155 211 256   0539    73  1215   404  1852    80                        
 4 282 291 276 234 176 123  90  86 117 178 252 318 366 392 393 358 293 217 149 103  87 105 147 196   0054   291  0638    84  1331   396  1958    87            
 5 240 273 291 283 244 188 135 100  92 116 168 234 297 350 387 395 364 300 223 155 106  86  97 134   0214   292  0746    92  1443   396  2108    85            
 6 183 233 277 305 301 261 202 146 106  90 105 149 211 279 341 388 400 369 303 225 154 102  76  84   0323   308  0902    90  1548   401  2216    75            
 7 122 177 238 295 329 324 279 215 153 105  80  87 127 192 267 340 393 405 369 299 218 145  89  62   0422   332  1019    79  1645   407  2315    61            
 8  71 116 183 258 324 358 346 293 222 153  97  64  67 109 181 266 346 399 405 361 286 203 128  71   0515   360  1126    60  1737   409                        
 9  46  64 122 203 289 357 386 363 300 221 145  83  46  51 100 181 274 355 401 397 344 265 181 107   0006    46  0603   386  1224    43  1825   406            
10  53  36  68 141 234 325 389 405 369 297 213 133  67  32  44 104 193 287 361 395 378 317 236 155   0051    36  0648   406  1316    30  1909   396            
11  84  39  37  85 173 272 359 411 412 364 286 199 118  54  26  50 119 211 300 361 379 349 284 205   0133    31  0731   419  1404    26  1952   380            
12 129  67  34  50 115 212 310 385 421 407 349 268 182 104  47  31  67 143 232 307 351 354 314 248   0213    33  0813   422  1449    30  2033   358            
13 175 108  58  42  76 154 251 339 399 417 390 327 247 166  95  49  47  93 169 247 305 332 321 278   0251    42  0854   417  1533    42  2114   333            
14 215 151  96  61  63 111 195 285 357 397 400 365 302 227 153  93  60  71 122 192 253 293 305 288   0328    56  0935   404  1617    59  2155   305            
15 245 190 136  94  75  92 150 231 307 360 384 377 339 278 210 146  98  78  97 148 206 250 274 277   0405    75  1016   386  1701    78  2239   279            
16 258 220 174 132 103  97 126 186 257 316 352 364 352 314 259 199 145 107  97 121 166 209 238 253   0442    96  1101   364  1747    97  2333   255            
17 254 237 205 168 136 118 123 156 212 270 312 336 343 330 295 245 192 147 118 115 138 173 204 224   0521   117  1154   343  1837   112                        
18 236 239 227 200 170 146 136 145 179 226 270 301 320 327 316 283 236 188 149 126 125 145 172 195   0045   240  0604   136  1258   327  1932   123            
19 213 229 236 227 203 176 157 150 160 189 227 262 288 308 318 308 275 229 184 149 129 128 144 167   0200   236  0656   150  1405   318  2033   125            
20 190 212 235 246 236 210 183 163 156 163 187 220 251 280 304 317 305 269 221 177 143 123 122 138   0304   246  0802   156  1505   317  2133   120            
21 164 193 225 253 263 248 217 185 162 151 155 176 208 243 279 310 322 305 261 209 164 130 111 113   0354   264  0917   151  1557   322  2226   109            
22 135 169 210 251 281 285 259 218 180 152 136 137 160 198 243 288 322 329 301 248 192 145 111  96   0437   288  1026   134  1643   330  2310    95            
23 105 138 187 241 288 314 305 265 213 166 132 112 115 145 195 252 304 335 332 291 229 169 121  89   0516   316  1123   110  1725   339  2348    80            
24  81 103 153 219 283 330 345 319 263 199 144 105  85  95 137 201 268 322 345 327 273 203 140  94   0552   346  1212    85  1805   345                        
25  68  72 112 182 261 330 371 369 324 252 178 118  76  60  82 139 216 288 336 347 313 247 173 111   0024    65  0628   376  1257    60  1844   348            
26  68  52  72 133 221 309 375 402 382 319 235 154  90  49  42  78 150 235 306 344 338 291 217 142   0100    52  0705   403  1341    40  1923   347            
27  83  48  44  84 164 265 355 411 422 383 306 214 130  66  30  34  85 168 254 317 341 321 264 186   0136    41  0743   424  1425    26  2003   341            
28 114  61  35  47 105 201 307 391 433 428 375 290 194 110  49  20  36  99 187 268 318 329 298 236   0214    34  0823   437  1510    19  2045   330            
29 160  93  48  33  59 132 236 339 412 440 422 361 273 178  97  40  20  47 117 203 273 310 311 276   0254    33  0906   441  1557    20  2130   315            
30 214 143  82  44  39  77 159 264 357 417 433 408 346 259 168  90  40  28  62 133 211 269 297 293   0338    36  0954   434  1646    26  2222   299            
31 259 201 135  80  49  52  97 180 278 359 407 418 392 332 249 163  91  45  39  77 143 211 260 283   0426    45  1048   418  1738    37  2325   285            
时区：-0800   潮高基准面：在平均海面下209cm
老北河口                                
2018年潮汐表   40°58′N121°50′E   11月
                                               每  日  逐  时  潮  高                                                 每  日  高  低  潮
日  0   1   2   3   4   5   6   7   8   9   10  11  12  13  14  15  16  17  18  19  20  21  22  23   潮时  潮高  潮时  潮高  潮时  潮高  潮时  潮高  潮时  潮高 
 1 280 251 199 138  88  61  67 113 191 277 346 387 398 377 323 245 163  95  54  51  87 146 204 248   0521    58  1152   399  1835    47                        
 2 274 278 255 208 150 101  74  79 120 189 263 323 364 381 367 317 243 165 100  61  58  89 142 196   0042   279  0622    72  1306   381  1935    55            
 3 241 275 288 271 224 166 116  86  85 117 175 240 297 343 368 360 314 241 165 102  64  58  86 135   0158   288  0732    81  1418   370  2039    56            
 4 191 244 288 309 293 244 183 128  92  83 105 154 214 275 329 361 356 309 237 162  99  60  53  80   0305   309  0848    82  1523   364  2142    52            
 5 131 194 259 313 336 317 263 196 135  91  72  87 131 193 261 322 358 351 301 227 153  90  51  45   0403   336  1004    72  1621   361  2240    43            
 6  76 134 209 285 344 364 337 275 202 135  82  57  68 113 181 256 322 355 342 286 211 138  77  40   0455   365  1112    56  1713   357  2332    34            
 7  39  78 149 235 318 376 387 349 279 200 126  69  41  54 105 180 260 324 349 326 265 190 119  62   0543   389  1211    40  1801   349                        
 8  30  39  91 175 269 353 402 399 349 272 189 113  53  29  49 109 189 268 324 337 303 239 166 100   0018    28  0627   407  1303    29  1846   338            
 9  48  27  49 116 210 306 382 416 399 338 257 173  96  41  24  56 123 204 276 318 317 275 210 143   0101    27  0710   417  1351    24  1929   323            
10  83  41  33  72 152 249 339 400 417 385 318 235 153  81  34  30  72 144 220 278 305 291 244 183   0142    31  0750   418  1435    25  2010   305            
11 122  72  43  51 105 192 286 362 405 404 361 291 211 134  70  35  45  96 166 231 274 285 263 215   0220    40  0829   411  1518    33  2050   286            
12 160 109  70  55  78 144 231 314 373 396 381 332 262 187 118  65  44  66 122 185 235 262 262 236   0257    55  0907   397  1600    44  2130   266            
13 191 144 103  77  76 112 183 264 330 370 377 353 301 234 167 108  67  60  91 145 197 232 247 241   0333    72  0945   378  1641    58  2213   247            
14 214 175 136 106  91 102 147 216 285 333 356 353 324 272 211 151 102  73  77 113 161 201 224 232   0409    90  1023   358  1723    71  2303   232            
15 225 201 168 137 114 109 129 177 239 293 325 336 328 298 249 192 140 100  82  94 129 170 200 217   0446   108  1105   337  1807    82                        
16 224 218 198 169 142 126 126 150 197 249 289 310 317 308 278 231 178 131  99  90 106 139 173 198   0008   224  0529   123  1157   317  1853    89            
17 215 225 222 203 174 149 136 139 163 204 246 277 295 302 294 264 217 166 124  98  94 112 144 176   0120   226  0620   135  1304   302  1941    93            
18 201 223 238 235 213 181 155 141 143 164 199 235 263 283 294 287 254 204 154 115  94  93 114 147   0223   239  0723   139  1411   294  2031    91            
19 182 215 244 261 254 224 186 155 137 136 153 185 220 252 278 293 283 245 191 140 104  85  89 114   0315   261  0835   135  1511   293  2122    84            
20 153 197 240 275 290 274 233 186 148 125 120 135 167 208 248 281 296 281 234 175 123  89  73  82   0400   290  0947   119  1603   296  2210    73            
21 116 166 223 276 314 321 291 236 179 134 105  96 113 151 201 251 289 301 275 219 155 103  70  60   0442   323  1052    96  1650   301  2255    60            
22  77 124 190 260 319 354 348 301 232 165 113  79  70  93 142 204 261 299 302 264 199 132  81  51   0522   357  1148    69  1735   305  2338    46            
23  48  77 140 222 303 364 389 366 302 221 146  87  51  46  79 142 213 274 306 297 247 176 108  59   0602   389  1238    44  1818   308                        
24  34  40  85 166 262 348 404 414 373 294 204 123  61  26  30  75 150 228 286 308 286 226 151  85   0020    32  0642   416  1326    22  1901   308            
25  40  21  40 102 198 303 388 432 426 370 280 184 100  38   8  22  82 165 243 293 303 270 205 129   0103    21  0723   436  1412     7  1944   305            
26  66  26  16  47 125 232 339 415 446 425 358 262 164  80  21  -1  25  95 182 254 294 294 253 186   0147    15  0806   447  1458    -1  2029   299            
27 113  54  19  18  62 151 263 363 428 445 413 340 243 146  65  11  -1  37 113 197 260 290 282 239   0232    13  0851   446  1545    -3  2117   292            
28 173 104  50  20  27  81 176 284 373 425 432 394 319 225 132  55   9   6  52 130 207 261 283 273   0321    18  0939   434  1633     1  2211   284            
29 231 169 104  53  28  41 100 193 292 368 408 410 372 300 210 122  51  12  18  68 142 211 258 278   0412    28  1032   414  1723     9  2314   279            
30 270 232 174 113  64  42  57 115 201 286 350 383 385 350 283 198 115  51  19  31  81 149 211 255   0508    41  1133   388  1815    18                        
时区：-0800   潮高基准面：在平均海面下209cm
老北河口                                
2018年潮汐表   40°58′N121°50′E   12月
                                               每  日  逐  时  潮  高                                                 每  日  高  低  潮
日  0   1   2   3   4   5   6   7   8   9   10  11  12  13  14  15  16  17  18  19  20  21  22  23   潮时  潮高  潮时  潮高  潮时  潮高  潮时  潮高  潮时  潮高 
 1 278 275 242 187 127  79  57  71 123 197 269 323 356 361 331 269 189 111  53  27  41  89 152 210   0025   280  0609    56  1240   363  1909    26            
 2 256 286 290 260 205 144  95  70  79 121 182 244 295 331 341 316 256 180 107  54  32  47  93 152   0137   292  0716    69  1350   342  2006    32            
 3 212 266 304 311 281 224 161 109  79  79 111 162 218 270 311 326 302 243 170 103  54  34  49  94   0242   313  0829    75  1454   327  2104    34            
 4 155 221 284 328 335 301 240 174 117  80  72  96 141 196 253 299 315 289 229 159  96  50  32  49   0340   338  0944    71  1553   315  2201    32            
 5  97 164 239 309 355 357 316 249 179 118  74  60  79 124 183 245 292 305 274 213 146  87  44  30   0433   362  1055    60  1647   306  2255    30            
 6  51 106 182 266 339 379 372 322 251 177 111  63  47  67 115 180 244 288 293 256 195 131  76  38   0521   383  1157    47  1736   296  2345    28            
 7  29  59 124 209 297 366 397 377 318 243 167  98  50  36  62 117 185 248 284 278 235 175 116  66   0606   397  1250    36  1823   287                        
 8  34  34  76 151 242 328 388 403 370 304 227 150  82  37  32  67 129 197 252 276 260 213 155 102   0030    29  0648   404  1338    29  1906   276            
 9  58  35  47 102 186 277 354 399 397 352 282 204 129  65  29  36  81 146 209 253 264 239 191 138   0112    34  0728   404  1421    26  1948   264            
10  91  55  43  69 135 223 309 371 397 380 326 254 178 107  52  29  49 102 166 219 249 248 217 170   0152    43  0806   397  1502    29  2028   253            
11 123  84  58  59  99 174 259 332 376 384 354 294 223 152  88  44  36  69 126 184 225 242 231 198   0229    54  0842   386  1541    34  2107   242            
12 154 114  82  67  81 133 211 288 344 370 362 323 261 193 127  73  43  50  93 150 197 226 233 217   0306    67  0917   371  1619    41  2148   233            
13 183 144 109  86  81 108 167 241 305 344 354 336 291 230 165 107  64  48  69 117 169 206 225 225   0341    80  0952   354  1656    48  2232   227            
14 207 175 139 110  93  98 134 195 261 310 334 333 309 262 202 142  91  60  58  89 138 183 212 225   0419    92  1028   336  1734    55  2324   226            
15 223 205 173 139 113 103 115 155 213 269 304 317 311 284 237 178 123  81  61  70 107 155 194 218   0502   103  1110   317  1812    60                        
16 230 229 210 177 143 118 111 127 167 219 264 290 299 292 264 216 159 108  74  63  81 121 167 204   0026   232  0551   111  1204   299  1853    63            
17 229 244 243 222 185 147 122 115 131 168 213 251 273 283 277 249 199 142  95  68  65  89 131 178   0129   246  0649   115  1312   283  1937    63            
18 217 247 266 265 237 193 151 122 113 126 158 198 233 259 273 269 238 184 127  84  62  65  93 139   0227   269  0756   113  1421   274  2023    60            
19 191 237 274 296 290 253 200 151 117 104 112 140 180 218 249 269 264 228 170 112  72  54  61  94   0319   298  0908   104  1522   270  2113    53            
20 148 208 264 309 331 316 266 202 146 106  87  91 119 162 208 247 270 261 218 155  97  59  44  55   0407   331  1020    85  1616   271  2205    44            
21  96 159 232 299 348 364 337 274 200 135  89  64  67  99 151 206 252 274 258 206 139  81  44  32   0453   365  1124    61  1707   274  2257    32            
22  49 100 176 262 338 387 393 351 275 191 120  67  39  45  86 148 212 261 278 253 193 123  65  30   0538   396  1220    37  1755   278  2349    20            
23  20  45 108 200 296 375 418 412 355 268 177 100  43  16  29  82 155 225 272 280 245 179 107  50   0622   422  1311    15  1842   282                        
24  16  11  46 123 227 330 406 439 418 349 254 159  78  20  -2  23  88 169 240 281 279 236 166  94   0039     9  0707   440  1359    -2  1928   286            
25  38   6   7  53 143 255 358 427 446 413 334 235 138  57   2 -11  27 103 188 254 286 276 227 155   0129     1  0752   447  1445   -13  2016   288            
26  85  30   1   9  66 166 280 376 433 440 396 313 214 117  38 -10 -11  40 123 206 266 289 272 220   0219    -2  0838   443  1531   -17  2105   289            
27 150  81  28   2  18  84 188 296 380 424 421 372 289 191  98  25 -13  -1  59 144 221 273 290 270   0310     2  0926   429  1617   -15  2158   290            
28 219 150  83  33  11  33 104 204 301 371 404 395 344 263 170  83  17  -9  14  80 162 232 276 291   0402    11  1017   405  1703    -9  2257   291            
29 272 223 157  92  44  26  51 120 211 294 350 375 364 316 238 151  71  16   1  32  99 175 238 279   0457    25  1113   376  1750     0                        
30 295 279 232 168 106  59  43  69 131 208 276 322 344 334 289 217 136  65  20  13  49 114 183 241   0001   295  0554    43  1213   345  1839    10            
31 284 304 291 246 184 122  76  60  81 133 195 251 292 315 308 266 198 124  62  26  26  63 123 188   0108   304  0657    60  1318   316  1930    21            
时区：-0800   潮高基准面：在平均海面下209cm
