锦州港（笔架山）                        
2018年潮汐表   40°48′N121° 4′E    1月
                                               每  日  逐  时  潮  高                                                 每  日  高  低  潮
日  0   1   2   3   4   5   6   7   8   9   10  11  12  13  14  15  16  17  18  19  20  21  22  23   潮时  潮高  潮时  潮高  潮时  潮高  潮时  潮高  潮时  潮高 
 1  69 144 221 286 323 324 284 215 142  80  35  10  10  36  82 132 171 184 166 123  71  25  -5 -11   0431   329  1130     6  1656   184  2242   -13            
 2  18  82 168 252 317 350 341 290 212 132  66  20  -5  -3  29  81 135 174 183 159 111  56  10 -18   0519   352  1226    -8  1747   184  2329   -22            
 3 -17  22  99 193 279 340 365 347 285 200 118  54  10 -13  -6  33  91 147 181 183 151  98  41  -4   0606   365  1318   -15  1834   186                        
 4 -28 -19  31 117 214 297 350 367 339 269 180 101  43   3 -15   1  48 111 164 191 185 146  88  30   0016   -29  0654   367  1405   -15  1919   193            
 5 -13 -31 -15  44 134 228 303 348 355 317 242 155  83  32  -2 -11  15  71 135 184 203 188 144  84   0105   -31  0740   357  1448   -12  2004   203            
 6  27 -13 -26  -3  61 149 235 300 335 332 285 208 128  65  21  -5  -4  33  96 158 201 213 192 145   0155   -26  0826   338  1529    -9  2052   213            
 7  86  32  -4 -12  16  79 160 235 289 314 301 249 174 103  49  11  -7   5  52 117 176 212 218 195   0245   -13  0911   315  1609    -7  2143   220            
 8 149  93  44  12   8  38  97 167 230 274 289 268 214 146  84  37   5  -5  17  69 132 186 217 221   0338     6  0956   289  1651    -6  2239   223            
 9 198 155 104  59  32  30  58 107 166 218 253 261 236 186 127  73  31   4   1  29  82 142 191 219   0433    27  1044   262  1736    -1  2341   225            
10 224 204 165 118  77  51  49  69 108 156 200 229 232 209 167 117  69  30   7  10  41  92 148 195   0536    47  1137   234  1824     5                        
11 224 230 214 179 134  93  67  59  71  99 138 177 202 205 188 155 112  68  31  12  19  51 101 156   0048   231  0654    59  1239   207  1916    11            
12 203 234 244 230 195 150 107  77  61  63  83 117 152 177 185 174 148 109  65  30  14  23  57 110   0155   244  0825    59  1354   185  2009    14            
13 167 218 252 263 249 211 162 115  79  55  50  66  97 133 160 172 166 141 102  58  25  11  25  64   0257   263  0946    50  1510   173  2101    11            
14 121 184 237 273 283 263 220 166 115  73  46  38  53  86 124 154 168 161 133  91  47  15   6  27   0350   283  1051    38  1611   168  2148     6            
15  75 139 205 260 292 295 268 217 159 105  63  36  31  50  87 128 158 169 156 123  77  33   5   4   0436   298  1144    30  1657   169  2232     0            
16  35  93 163 230 280 305 297 258 200 139  87  49  28  30  55  98 141 168 171 149 109  61  20  -1   0516   306  1227    26  1737   173  2311    -2            
17  10  53 120 192 255 296 308 285 234 170 111  66  35  24  35  70 117 158 177 169 137  92  45  10   0550   308  1302    24  1812   177  2348     0            
18   0  25  82 155 225 278 306 301 262 200 135  81  45  24  24  47  91 139 173 181 161 121  73  31   0622   308  1331    21  1846   182                        
19   5   9  49 117 192 256 296 309 286 232 162  99  54  27  18  31  67 116 161 185 180 148 101  54   0023     3  0652   309  1357    18  1920   186            
20  18   5  24  78 153 226 279 307 303 264 196 124  67  33  16  19  47  94 144 181 193 175 132  81   0057     5  0724   310  1422    15  1954   193            
21  36  10   8  42 107 185 251 293 308 289 234 158  89  43  18  11  29  70 124 172 199 199 169 118   0133     5  0758   308  1448    11  2030   203            
22  65  25   7  17  61 132 207 264 295 298 265 199 122  60  24   8  13  45  98 154 196 214 204 165   0211     7  0835   300  1518     7  2110   214            
23 109  57  23  13  31  81 152 218 265 286 277 234 163  90  39  12   4  21  65 125 179 214 226 209   0254    12  0915   287  1552     4  2156   226            
24 165 108  59  30  25  48  98 161 217 254 266 250 200 131  68  26   6   5  31  83 144 195 227 235   0342    24  0958   266  1632     3  2249   235            
25 216 171 116  70  44  41  63 107 159 204 233 240 220 172 110  57  23   6  11  42  96 156 204 235   0438    39  1048   241  1719     5  2352   244            
26 244 226 184 132  88  61  55  70 103 144 181 205 211 194 153 102  57  26  11  18  50 103 161 210   0547    55  1147   212  1815    11                        
27 244 258 244 205 153 108  76  63  67  87 118 150 175 186 176 145 103  63  32  16  21  52 104 163   0101   258  0717    62  1303   186  1918    15            
28 218 259 278 269 230 176 124  85  60  52  62  87 119 149 168 169 146 109  69  35  16  18  48 102   0212   279  0858    52  1430   171  2026    14            
29 168 231 279 305 297 255 195 135  85  50  32  35  59  96 134 163 170 151 113  69  31   8   8  40   0317   306  1021    30  1547   171  2130     5            
30 101 176 248 304 332 321 274 205 136  78  36  12  14  42  87 135 170 178 156 112  63  20  -6  -4   0415   333  1125    10  1647   179  2227    -9            
31  34 104 189 267 326 352 335 279 202 127  66  22  -1   5  41  95 149 185 188 159 108  52   5 -20   0508   352  1218    -3  1737   191  2320   -22            
时区：-0800   潮高基准面：在平均海面下160cm
锦州港（笔架山）                        
2018年潮汐表   40°48′N121° 4′E    2月
                                               每  日  逐  时  潮  高                                                 每  日  高  低  潮
日  0   1   2   3   4   5   6   7   8   9   10  11  12  13  14  15  16  17  18  19  20  21  22  23   潮时  潮高  潮时  潮高  潮时  潮高  潮时  潮高  潮时  潮高 
 1 -14  33 112 203 284 340 360 334 269 187 111  52  10  -8   7  54 117 173 203 198 159 101  40  -7   0557   360  1305    -8  1822   205                        
 2 -29 -16  39 125 217 294 343 353 317 244 160  89  36   1  -7  20  79 147 199 221 206 158  94  32   0010   -30  0644   355  1346    -8  1906   221            
 3 -12 -29  -8  54 142 230 299 337 335 288 210 129  65  20  -6  -1  41 109 177 222 234 209 155  88   0059   -29  0728   341  1424    -8  1949   234            
 4  29 -10 -20   9  75 160 240 297 323 308 251 171  97  43   6  -8  11  67 140 203 238 240 207 149   0146   -20  0809   324  1500    -8  2033   244            
 5  84  30  -2  -3  32  98 177 246 291 304 276 212 136  72  26  -2  -4  30  95 166 221 247 240 201   0233    -7  0850   304  1535    -8  2118   249            
 6 142  82  35  11  17  55 118 188 245 278 278 240 176 108  53  15  -3   8  55 122 188 233 251 237   0320    10  0930   283  1610    -4  2203   251            
 7 195 138  85  45  28  38  75 131 189 235 257 246 204 146  89  43  12   5  28  80 145 203 241 251   0409    27  1011   258  1647     4  2252   251            
 8 233 192 141  94  60  46  56  88 133 179 215 228 211 172 124  78  39  16  18  48 101 160 212 244   0505    46  1056   228  1727    13  2347   252            
 9 252 234 198 153 110  79  65  70  91 124 161 189 196 180 150 112  74  40  23  30  62 112 167 215   0613    64  1147   197  1814    22                        
10 247 255 242 211 170 129  97  79  75  86 110 140 163 170 161 139 110  75  43  28  36  67 115 168   0052   255  0746    75  1253   170  1910    28            
11 217 250 263 254 227 187 145 109  84  72  74  93 121 145 157 156 141 114  78  45  29  35  65 113   0205   263  0920    71  1422   158  2014    28            
12 169 221 258 274 268 239 196 150 109  78  60  61  80 111 141 160 163 149 118  79  43  25  31  64   0313   275  1029    58  1541   164  2115    24            
13 116 176 231 270 286 276 241 192 141  96  63  46  50  75 113 150 172 174 155 119  75  37  19  31   0406   286  1120    45  1636   176  2208    19            
14  70 129 193 248 285 295 275 230 174 119  75  45  34  46  80 126 166 187 182 154 111  64  28  16   0449   295  1200    34  1718   188  2252    16            
15  37  87 152 218 270 298 296 262 207 146  92  52  30  29  53  97 148 185 196 180 143  95  49  19   0525   301  1233    26  1754   197  2331    14            
16  18  52 113 183 246 290 306 288 240 175 114  66  35  23  35  72 124 173 201 199 170 123  73  31   0559   306  1302    23  1826   204                        
17  12  26  74 144 215 271 303 304 269 208 139  83  44  24  26  54 103 158 199 213 196 153  99  50   0007    12  0631   308  1326    22  1857   213            
18  17  11  39  99 174 241 288 306 291 241 169 102  55  28  21  39  83 142 193 223 222 190 136  77   0042     9  0704   306  1350    20  1929   227            
19  32   9  15  56 124 200 260 294 299 268 204 128  68  32  16  23  60 120 182 226 243 229 183 119   0119     7  0739   301  1414    16  2004   243            
20  60  21   8  25  76 148 219 269 291 282 236 163  90  39  14  10  33  87 157 216 252 258 232 175   0158     8  0814   292  1441     9  2042   259            
21 107  51  20  15  41  97 168 230 268 279 257 200 124  59  19   3  11  49 116 188 242 269 266 231   0240    14  0852   279  1514     3  2126   271            
22 169 102  51  27  28  58 114 177 228 256 258 227 166  96  41  11   2  20  70 141 210 257 277 269   0327    24  0933   261  1553     2  2215   278            
23 230 168 105  61  40  43  72 121 173 213 234 230 196 140  81  37  14  11  35  89 158 220 262 280   0422    38  1021   236  1638     9  2313   281            
24 272 234 176 119  78  57  57  78 114 155 187 204 200 172 127  81  45  25  24  49 100 163 220 261   0530    54  1119   205  1733    22                        
25 282 278 247 195 141  99  73  64  72  96 126 155 173 176 160 128  91  58  37  34  54  98 156 213   0022   284  0701    64  1240   177  1840    32            
26 259 288 293 269 222 167 119  84  63  57  70  96 126 152 167 163 140 105  70  43  33  46  85 143   0141   294  0847    57  1420   168  1959    33            
27 205 260 299 312 294 247 187 131  86  53  38  46  73 111 148 174 179 157 118  75  40  22  29  67   0257   313  1010    38  1540   180  2115    21            
28 129 200 265 312 332 313 262 195 131  78  39  21  31  65 114 163 196 200 173 125  73  30   5  12   0401   332  1109    21  1637   203  2220     4            
时区：-0800   潮高基准面：在平均海面下160cm
锦州港（笔架山）                        
2018年潮汐表   40°48′N121° 4′E    3月
                                               每  日  逐  时  潮  高                                                 每  日  高  低  潮
日  0   1   2   3   4   5   6   7   8   9   10  11  12  13  14  15  16  17  18  19  20  21  22  23   潮时  潮高  潮时  潮高  潮时  潮高  潮时  潮高  潮时  潮高 
 1  53 122 201 273 325 343 319 261 187 118  62  24  10  28  74 135 191 223 220 183 125  65  16  -9   0457   343  1157    10  1725   226  2315   -10            
 2   1  49 125 209 283 332 343 309 242 164  96  44  11   7  38  98 167 222 247 233 185 119  54   6   0545   344  1239     4  1808   247                        
 3 -14   2  57 138 222 291 331 330 285 211 133  71  26   3  12  59 130 201 250 263 236 179 108  45   0006   -14  0629   336  1316     2  1850   263            
 4   2 -11  14  75 157 237 296 323 308 252 174 101  48  13   3  28  89 166 232 269 269 231 165  95   0053   -11  0710   323  1351     2  1930   273            
 5  38   4   0  33  98 178 248 295 307 278 213 137  74  30   6  11  53 125 201 256 280 266 218 149   0137    -3  0749   308  1423     4  2009   280            
 6  82  34   9  15  55 121 194 254 287 284 242 174 105  52  19   8  30  88 164 232 275 285 259 202   0221     8  0826   291  1453     8  2047   286            
 7 134  75  35  19  33  77 140 204 251 270 253 203 138  79  37  14  19  57 124 198 256 287 284 248   0304    19  0903   270  1523    12  2126   290            
 8 188 125  74  43  35  53  96 152 204 239 245 217 164 108  61  29  17  36  87 156 222 270 291 279   0349    34  0940   247  1555    17  2209   291            
 9 237 181 125  83  58  54  74 111 156 196 219 214 181 135  89  52  28  27  57 112 176 233 273 286   0439    53  1019   221  1633    24  2257   286            
10 270 230 181 134  98  77  75  89 117 151 182 196 186 156 120  85  54  35  40  73 125 181 231 266   0538    73  1105   196  1719    34  2354   277            
11 277 262 229 188 148 115  94  88  95 113 139 164 176 168 148 122  93  64  47  52  82 126 176 222   0657    88  1205   176  1817    46                        
12 256 268 259 234 199 161 127 102  89  88 101 124 150 165 166 156 136 108  78  58  59  81 120 168   0103   268  0834    87  1335   167  1928    55            
13 215 250 267 264 242 207 166 127  97  78  73  85 112 143 168 178 174 154 122  87  62  58  77 115   0218   268  0948    73  1512   179  2041    56            
14 165 215 255 275 272 248 208 160 116  80  59  56  74 108 149 182 197 190 164 126  85  57  51  73   0322   277  1039    55  1611   197  2142    50            
15 117 173 227 269 288 280 247 198 144  95  60  42  47  74 119 167 203 213 198 162 117  73  45  45   0412   288  1119    41  1653   213  2231    41            
16  75 128 190 246 286 298 279 235 177 120  73  43  35  51  91 144 195 224 222 194 148  97  55  33   0454   298  1152    34  1728   227  2312    32            
17  43  84 146 212 266 298 298 266 211 148  93  54  34  39  70 123 181 225 241 224 181 126  74  36   0531   302  1219    33  1759   241  2351    25            
18  25  47  99 168 233 280 300 286 241 176 114  67  39  33  55 103 165 221 253 253 220 164 102  53   0607   300  1244    33  1830   258                        
19  24  24  58 119 190 250 286 293 264 205 136  80  44  29  39  80 144 210 258 276 260 211 144  81   0030    20  0641   294  1309    29  1903   276            
20  38  19  30  74 141 210 261 285 277 234 165  97  50  26  24  52 112 187 251 288 293 262 199 125   0109    19  0717   286  1335    22  1939   295            
21  65  29  20  41  92 162 225 265 277 256 199 126  64  27  14  26  72 148 227 283 309 301 257 185   0150    20  0753   277  1405    14  2017   310            
22 110  55  28  26  54 110 177 231 261 262 229 166  95  42  15  11  37  99 182 257 304 320 302 249   0234    23  0832   266  1440    10  2100   320            
23 173 101  53  32  35  67 123 182 227 248 240 200 137  75  34  15  19  56 127 209 276 314 322 299   0323    30  0915   249  1521    13  2148   323            
24 242 168 103  61  42  47  77 126 175 211 226 214 174 120  70  37  23  34  77 147 222 279 312 318   0419    41  1004   226  1607    23  2244   319            
25 294 241 174 116  77  58  59  81 118 158 187 199 190 159 118  78  50  38  49  90 152 217 269 301   0527    55  1105   199  1704    38  2353   312            
26 311 294 249 192 138  98  73  65  76 102 134 162 178 178 161 131  96  67  51  57  89 140 197 249   0656    65  1230   180  1815    50                        
27 288 306 299 266 214 161 116  83  64  64  83 113 146 172 185 179 154 118  82  58  54  73 116 172   0115   307  0830    61  1414   186  1942    53            
28 229 276 306 310 282 232 175 123  81  54  48  66 102 145 184 209 208 181 136  91  56  40  52  91   0237   312  0944    47  1529   212  2107    40            
29 150 214 272 310 319 292 238 175 116  68  38  34  59 106 162 212 242 238 201 147  91  47  25  33   0345   320  1038    32  1624   244  2215    24            
30  75 140 211 274 316 322 289 228 159  97  50  23  27  64 124 191 246 271 258 210 146  84  36  13   0440   325  1123    21  1710   272  2311    13            
31  25  72 143 218 282 318 316 273 205 133  74  32  15  31  82 154 226 276 291 264 206 135  72  27   0527   322  1203    15  1751   291  2359    10            
时区：-0800   潮高基准面：在平均海面下160cm
锦州港（笔架山）                        
2018年潮汐表   40°48′N121° 4′E    4月
                                               每  日  逐  时  潮  高                                                 每  日  高  低  潮
日  0   1   2   3   4   5   6   7   8   9   10  11  12  13  14  15  16  17  18  19  20  21  22  23   潮时  潮高  潮时  潮高  潮时  潮高  潮时  潮高  潮时  潮高 
 1  10  28  82 157 231 288 314 299 247 174 105  53  22  17  48 113 191 259 297 297 257 190 118  59   0610   314  1239    15  1830   302                        
 2  22  13  40 100 174 243 289 301 273 212 140  80  39  20  31  79 154 231 287 310 294 241 169 100   0045    12  0649   302  1311    19  1906   310            
 3  49  21  22  57 119 190 249 282 280 239 174 108  59  30  26  55 119 198 267 309 315 284 221 147   0129    17  0727   286  1340    24  1941   317            
 4  85  44  25  35  76 139 202 249 267 250 200 136  80  43  27  40  88 163 239 296 323 314 269 199   0211    25  0802   267  1406    27  2016   325            
 5 130  77  45  35  53  97 155 209 243 246 215 161 103  58  32  30  61 124 202 270 315 328 305 250   0252    35  0836   249  1435    27  2053   329            
 6 181 119  76  52  51  75 118 169 211 232 221 181 128  80  45  28  40  86 157 230 287 320 322 289   0333    49  0911   233  1509    28  2133   326            
 7 230 167 116  81  65  70  96 135 176 209 217 197 155 109  70  43  35  57 111 179 242 289 313 306   0416    65  0948   218  1549    34  2217   314            
 8 268 213 160 118  90  80  87 110 142 176 200 202 179 143 107  76  53  51  78 130 189 241 280 297   0505    80  1034   204  1636    49  2307   297            
 9 286 250 204 160 124  99  90  95 112 139 168 189 190 173 148 120  92  72  71  96 139 187 232 266   0608    89  1134   192  1733    68                        
10 281 271 242 203 164 130 104  90  90 103 127 156 179 187 180 164 140 112  90  85 103 137 178 221   0006   281  0730    89  1300   187  1842    84            
11 255 273 267 243 208 169 131 101  82  77  89 114 148 178 196 197 183 157 125  98  88  99 128 169   0116   273  0847    77  1435   199  2000    88            
12 214 253 274 273 250 214 170 126  90  67  63  78 110 152 191 215 217 198 165 126  94  79  87 118   0227   276  0944    62  1536   219  2110    79            
13 164 215 258 282 280 254 212 161 113  74  54  55  79 122 172 216 239 234 204 161 115  79  64  75   0327   284  1026    52  1618   241  2205    63            
14 113 166 222 266 289 282 248 197 142  93  59  46  59  96 150 207 249 262 243 200 147  97  61  50   0416   290  1100    46  1654   262  2253    50            
15  69 114 174 232 274 289 272 229 171 115  71  47  47  75 127 191 248 281 279 244 188 127  77  46   0459   289  1130    43  1728   285  2337    41            
16  43  70 124 187 242 277 281 252 199 137  85  51  39  55 101 168 236 287 306 289 238 170 107  60   0538   283  1158    39  1802   306                        
17  37  42  79 138 201 250 274 266 225 163 102  58  36  38  71 135 213 279 319 323 290 225 150  87   0020    36  0616   275  1227    33  1838   326            
18  48  33  47  90 153 214 254 267 247 195 129  73  38  27  43  95 174 256 315 341 332 284 208 130   0104    33  0654   267  1258    27  1915   342            
19  72  40  32  53 103 167 222 253 256 225 165 100  51  26  25  56 124 214 292 341 355 333 273 190   0148    31  0735   259  1334    22  1956   355            
20 113  62  36  34  61 115 176 223 247 240 200 138  79  39  22  31  76 156 247 317 355 360 328 260   0236    31  0818   248  1413    22  2040   362            
21 176 105  60  38  39  70 123 178 218 234 221 178 120  69  37  26  43  98 182 266 326 356 356 318   0327    35  0904   235  1457    26  2129   360            
22 249 170 107  66  46  49  79 126 174 208 218 202 163 114  71  43  36  59 116 194 267 319 345 343   0424    44  0955   219  1548    36  2226   348            
23 307 244 175 118  80  59  60  84 124 165 194 205 193 162 123  85  58  50  72 122 187 250 297 324   0529    57  1058   205  1648    50  2333   329            
24 326 297 245 186 134  95  71  66  82 116 154 184 200 198 179 146 108  77  64  77 113 166 222 269   0644    65  1224   201  1802    64                        
25 301 311 293 252 198 147 104  74  63  74 106 146 182 209 220 208 176 133  95  73  72  95 139 192   0052   311  0801    63  1400   220  1932    70            
26 244 283 302 294 258 205 151 103  67  52  63  97 145 193 232 252 241 204 153 106  73  61  75 115   0213   303  0906    52  1510   252  2059    61            
27 171 228 275 301 296 259 203 143  90  52  38  54  97 155 215 263 284 267 221 162 107  66  47  60   0321   303  0959    38  1604   284  2207    47            
28 102 162 224 275 302 294 252 190 126  73  38  30  55 110 179 246 293 307 280 223 157  97  55  37   0417   303  1045    29  1649   307  2303    37            
29  53 100 164 229 279 300 283 234 168 105  56  30  33  71 137 213 279 317 317 277 212 142  83  45   0505   300  1124    27  1730   322  2352    33            
30  33  55 106 173 235 278 289 263 207 141  84  45  31  49 102 176 252 308 332 316 263 192 123  70   0548   290  1159    31  1806   333                        
时区：-0800   潮高基准面：在平均海面下160cm
锦州港（笔架山）                        
2018年潮汐表   40°48′N121° 4′E    5月
                                               每  日  逐  时  潮  高                                                 每  日  高  低  潮
日  0   1   2   3   4   5   6   7   8   9   10  11  12  13  14  15  16  17  18  19  20  21  22  23   潮时  潮高  潮时  潮高  潮时  潮高  潮时  潮高  潮时  潮高 
 1  39  35  63 119 184 239 271 269 233 174 113  66  41  42  77 143 221 290 332 339 306 243 169 106   0039    33  0628   275  1228    37  1841   341            
 2  62  39  43  77 133 193 238 257 242 197 138  86  52  41  59 112 188 264 321 347 337 290 219 148   0123    37  0704   257  1255    40  1914   348            
 3  94  59  45  57  96 150 202 235 239 210 160 106  64  41  45  82 150 230 298 341 352 326 267 194   0205    45  0737   241  1323    39  1949   353            
 4 131  87  61  56  76 118 168 210 230 219 180 128  81  48  37  56 110 186 262 319 349 345 305 239   0244    55  0810   231  1356    37  2025   352            
 5 170 117  83  67  71  97 140 185 217 225 201 156 108  68  43  42  75 140 216 282 327 344 327 277   0319    66  0844   226  1433    39  2102   344            
 6 210 149 106  81  73  86 116 157 196 220 217 187 143 100  68  50  58 101 167 236 290 323 330 303   0354    73  0924   222  1515    49  2142   331            
 7 248 186 135 100  81  79  96 127 165 199 216 208 178 140 106  78  66  81 126 187 244 288 313 311   0435    78  1012   217  1601    66  2228   316            
 8 279 227 172 129  98  82  83 100 129 163 194 209 202 178 148 119  95  85 102 143 194 241 278 299   0528    80  1111   210  1654    85  2321   301            
 9 295 263 216 169 130 100  83  82  97 124 158 188 206 205 188 163 135 110 101 113 146 188 230 265   0634    80  1225   208  1758   101                        
10 286 284 257 216 172 133 101  81  77  91 119 155 189 213 218 205 179 148 120 106 112 137 174 215   0024   288  0742    76  1346   218  1913   105            
11 253 277 279 256 218 174 132  97  74  71  87 120 162 204 233 241 225 193 154 120  99  99 120 158   0133   281  0840    70  1449   241  2030    97            
12 203 245 272 276 255 215 169 123  86  65  66  91 133 184 232 263 267 242 199 152 111  86  84 105   0239   278  0927    63  1537   269  2136    82            
13 146 196 241 270 272 247 203 153 106  71  56  67 103 158 218 269 296 289 251 197 142  98  72  71   0335   275  1006    56  1618   298  2232    68            
14  96 142 195 242 267 264 232 182 129  84  55  50  74 126 193 259 307 324 303 251 187 127  82  59   0424   270  1041    49  1657   324  2323    57            
15  63  94 145 200 243 263 251 211 156 102  63  43  51  91 158 235 300 340 343 308 243 170 109  68   0509   263  1115    42  1735   346                        
16  50  59  96 151 206 244 256 235 187 128  78  47  38  58 115 196 277 337 364 354 304 228 150  92   0012    50  0552   256  1151    37  1814   365            
17  56  43  57 100 158 211 243 246 217 163 104  60  36  37  73 145 235 315 365 380 357 294 210 132   0101    43  0636   249  1228    33  1855   380            
18  78  47  38  59 107 165 214 239 234 197 140  84  47  31  42  91 176 270 342 383 388 353 281 193   0150    38  0721   241  1309    30  1939   390            
19 119  70  43  38  64 115 173 216 235 222 180 122  72  40  30  50 112 203 292 356 388 385 342 265   0241    37  0807   235  1353    29  2026   391            
20 180 112  68  44  43  73 126 180 217 229 211 167 114  68  39  34  62 130 218 299 354 380 372 325   0332    40  0855   230  1442    32  2117   381            
21 249 172 112  72  50  53  85 136 185 218 226 207 166 117  75  47  44  76 140 219 289 337 360 350   0424    48  0947   227  1537    42  2213   361            
22 304 236 169 115  78  58  62  94 142 188 219 227 212 178 134  92  64  60  87 141 207 267 311 333   0520    56  1051   227  1639    58  2315   334            
23 325 286 228 169 119  83  63  67  97 143 189 221 235 228 201 160 117  85  75  93 133 186 240 283   0621    61  1211   235  1751    75                        
24 306 304 274 225 170 121  83  61  64  94 140 188 227 251 253 231 188 141 104  86  91 119 164 215   0025   309  0724    59  1336   255  1917    85            
25 259 287 291 269 224 170 118  77  54  57  88 138 193 241 274 281 257 210 158 114  87  82 102 144   0140   293  0824    51  1444   282  2043    81            
26 196 244 277 286 266 221 165 110  67  45  52  88 145 207 263 300 305 275 221 163 114  80  70  88   0250   286  0917    44  1539   307  2152    70            
27 131 185 236 272 282 261 213 154  98  58  40  55  99 164 233 291 324 320 281 220 157 104  69  59   0350   282  1004    40  1625   327  2251    59            
28  79 124 181 233 268 274 247 196 137  84  51  43  69 124 196 267 320 342 326 276 208 144  93  60   0441   275  1044    42  1705   343  2344    52            
29  53  77 125 182 231 259 257 224 171 115  70  48  54  94 160 236 302 345 353 322 262 191 129  83   0527   262  1118    46  1742   354                        
30  56  55  82 132 186 228 247 234 195 141  91  58  49  72 126 201 275 332 361 353 308 241 172 117   0034    52  0606   247  1148    48  1818   362            
31  78  59  64  96 145 194 226 232 208 163 112  71  49  55  95 162 240 308 352 365 341 285 215 152   0120    57  0641   233  1219    48  1852   365            
时区：-0800   潮高基准面：在平均海面下160cm
锦州港（笔架山）                        
2018年潮汐表   40°48′N121° 4′E    6月
                                               每  日  逐  时  潮  高                                                 每  日  高  低  潮
日  0   1   2   3   4   5   6   7   8   9   10  11  12  13  14  15  16  17  18  19  20  21  22  23   潮时  潮高  潮时  潮高  潮时  潮高  潮时  潮高  潮时  潮高 
 1 106  77  66  79 116 164 205 225 217 183 135  89  56  46  68 123 199 274 330 360 357 319 254 185   0200    66  0713   226  1251    46  1926   363            
 2 131  96  77  76  98 139 184 217 225 204 162 115  74  50  52  88 155 233 299 343 358 340 288 218   0233    74  0746   226  1327    47  1959   358            
 3 156 112  86  76  87 117 161 202 227 223 193 147 103  69  53  67 116 188 261 315 346 348 315 253   0301    76  0823   229  1406    53  2034   352            
 4 185 130  95  77  77  97 134 178 214 230 218 182 138  99  72  64  89 146 217 280 323 343 333 289   0331    75  0905   231  1446    64  2112   344            
 5 223 159 112  84  73  80 107 147 188 220 229 212 176 136 102  80  80 112 170 234 287 321 333 314   0408    73  0951   230  1530    77  2155   333            
 6 264 200 144 104  80  73  85 115 155 194 222 227 209 176 140 109  91  96 130 183 238 282 311 318   0454    72  1044   228  1620    90  2245   319            
 7 295 245 187 137 102  80  75  90 122 162 199 225 231 215 184 150 120 103 108 138 182 229 268 295   0546    74  1145   231  1718   102  2342   301            
 8 300 277 231 180 135 102  81  77  94 128 168 207 235 244 230 200 164 131 112 113 134 170 211 249   0641    76  1254   244  1829   110                        
 9 276 282 262 222 175 133  99  78  76  96 134 179 222 255 267 253 219 178 140 115 109 123 153 192   0044   283  0736    74  1358   267  1949   109            
10 231 260 268 251 213 168 125  91  71  72  98 143 196 246 283 296 277 236 186 142 112  99 108 136   0150   268  0827    68  1454   296  2106    99            
11 176 217 248 258 242 204 157 113  79  61  69 103 159 221 278 316 324 297 245 187 137 102  86  93   0253   258  0914    61  1543   325  2212    85            
12 122 164 208 241 251 233 192 143  98  66  53  69 116 183 254 313 348 347 308 246 180 125  87  71   0351   251  0958    53  1628   352  2311    71            
13  79 111 158 205 238 245 222 177 126  82  54  49  76 135 214 291 348 375 362 311 238 166 109  73   0444   246  1041    47  1711   376                        
14  58  69 105 156 205 235 238 209 160 107  67  45  49  88 161 249 327 378 394 370 307 225 150  95   0006    58  0534   241  1123    42  1755   395            
15  60  48  63 105 159 207 234 230 195 142  90  53  37  51 103 189 281 355 398 405 369 297 210 136   0100    48  0622   236  1206    37  1840   407            
16  84  52  43  64 111 168 214 234 222 182 126  76  43  33  56 120 212 304 372 407 405 360 280 194   0151    43  0709   234  1252    32  1927   411            
17 124  77  49  44  72 125 183 224 237 218 173 116  68  37  32  63 135 229 315 374 402 393 341 259   0240    42  0755   237  1341    30  2017   404            
18 178 115  73  49  51  87 144 200 235 243 219 171 115  68  39  38  75 148 236 312 364 386 370 314   0326    46  0844   244  1433    34  2107   386            
19 236 163 108  70  51  61 103 162 215 247 250 225 178 124  78  50  51  89 157 234 300 345 361 341   0412    50  0937   252  1529    46  2159   361            
20 286 215 150 101  67  53  70 117 176 226 255 258 236 193 141  96  69  69 103 160 225 282 321 333   0459    53  1037   260  1629    65  2253   333            
21 312 262 199 142  95  64  55  77 125 182 231 261 268 251 212 163 118  90  87 111 157 211 261 296   0549    54  1147   269  1736    85  2352   307            
22 306 288 245 190 137  92  62  56  80 128 185 235 268 281 269 232 183 138 107  98 112 146 193 239   0643    55  1301   281  1854    98                        
23 273 285 272 236 187 135  90  61  57  83 131 189 242 280 298 287 251 200 152 117 100 104 131 174   0059   285  0739    55  1409   298  2018    99            
24 219 253 269 261 231 184 132  87  60  59  88 139 200 257 299 318 305 264 210 157 117  93  92 115   0211   269  0832    56  1507   318  2134    89            
25 156 201 238 257 252 223 176 124  82  59  63  98 155 221 281 323 338 319 271 211 155 111  84  80   0319   258  0921    57  1556   338  2239    78            
26 102 143 190 228 247 241 210 162 111  73  57  71 114 179 249 309 347 353 324 269 205 148 103  76   0417   248  1004    57  1641   355  2337    71            
27  73  97 140 187 223 238 226 191 141  94  62  57  82 137 209 279 335 364 358 318 257 192 137  97   0505   238  1042    55  1721   366                        
28  74  75 102 147 192 223 229 209 168 119  77  54  61 101 166 241 307 353 369 350 300 234 172 124   0028    71  0544   230  1118    53  1758   370            
29  91  76  84 117 163 204 226 221 192 147 100  64  52  73 126 199 272 329 362 363 329 270 204 149   0111    75  0619   227  1153    52  1832   367            
30 110  86  81  98 137 183 218 229 212 175 128  85  58  59  94 158 233 299 345 363 347 299 233 170   0146    80  0653   229  1229    55  1904   363            
时区：-0800   潮高基准面：在平均海面下160cm
锦州港（笔架山）                        
2018年潮汐表   40°48′N121° 4′E    7月
                                               每  日  逐  时  潮  高                                                 每  日  高  低  潮
日  0   1   2   3   4   5   6   7   8   9   10  11  12  13  14  15  16  17  18  19  20  21  22  23   潮时  潮高  潮时  潮高  潮时  潮高  潮时  潮高  潮时  潮高 
 1 125  96  82  88 116 160 204 230 229 202 158 113  76  60  74 123 194 266 322 354 356 325 264 195   0215    82  0728   233  1305    60  1935   359            
 2 139 103  83  80  98 136 183 221 238 225 189 143 101  72  67  94 154 228 293 337 357 345 298 228   0240    79  0804   238  1342    65  2009   357            
 3 161 114  86  74  82 112 157 203 234 241 219 177 131  93  73  78 117 183 254 310 344 352 327 268   0308    74  0843   242  1421    71  2046   353            
 4 196 136  96  75  72  91 131 179 220 244 242 212 167 123  91  77  91 138 204 268 315 340 339 303   0340    71  0925   247  1502    77  2127   344            
 5 239 170 118  86  71  76 105 151 198 235 253 244 211 165 123  95  87 106 153 214 269 308 326 317   0417    70  1011   253  1550    86  2213   327            
 6 275 212 150 107  80  71  84 120 169 215 248 262 251 217 172 131 105  99 119 161 212 258 291 305   0458    71  1105   262  1645    99  2303   305            
 7 291 248 190 137 100  77  73  91 132 182 228 261 275 264 230 186 146 119 112 126 160 201 240 269   0544    72  1205   275  1751   111  2359   280            
 8 280 266 227 176 130  96  76  74  96 140 192 239 275 292 283 250 204 161 131 118 125 149 182 217   0636    72  1311   293  1910   118                        
 9 245 258 247 214 169 127  94  74  73  98 145 201 254 295 315 307 271 220 172 136 116 114 130 160   0104   258  0731    71  1414   316  2037   113            
10 194 225 241 236 207 166 124  90  70  71  99 151 214 274 321 342 331 290 232 176 133 105  96 108   0216   242  0828    67  1511   343  2156    96            
11 137 175 210 232 231 204 163 119  84  64  68 102 162 234 301 350 370 353 303 235 172 122  89  76   0327   235  0923    62  1603   371  2303    76            
12  87 119 162 203 229 229 200 156 110  74  55  64 107 178 259 331 380 395 369 308 232 162 108  74   0429   233  1014    54  1653   395                        
13  60  73 110 160 205 231 227 194 145  96  60  45  61 114 197 285 358 402 410 374 304 221 149  96   0002    60  0522   233  1103    45  1741   412            
14  62  51  69 114 169 216 237 226 186 132  82  47  36  60 124 214 305 375 413 413 368 290 205 135   0054    51  0610   238  1152    35  1829   418            
15  86  55  49  76 129 188 232 246 227 180 122  70  37  31  63 135 229 317 381 412 402 349 266 184   0142    48  0656   247  1241    29  1917   414            
16 121  77  51  54  92 153 213 251 258 231 178 117  65  34  33  72 148 240 321 376 399 380 320 237   0226    48  0742   259  1332    29  2005   399            
17 161 105  68  49  64 113 179 237 269 269 236 180 118  69  41  44  87 162 247 318 364 378 351 286   0307    49  0830   273  1425    38  2051   378            
18 207 139  90  58  49  76 135 203 256 282 277 241 185 125  79  54  62 105 175 249 310 348 352 318   0347    49  0920   284  1518    53  2138   355            
19 253 181 121  78  52  53  91 154 220 268 290 282 246 192 137  93  73  82 122 182 246 298 326 323   0428    48  1015   291  1613    72  2225   329            
20 286 226 163 110  71  52  62 106 169 230 274 294 286 252 202 150 111  92  99 132 182 235 279 301   0511    51  1113   295  1714    91  2316   302            
21 293 258 207 153 105  70  57  74 120 180 237 279 298 292 261 215 166 128 108 110 133 172 217 254   0558    57  1216   299  1825   106                        
22 272 266 238 196 149 105  74  65  86 131 189 244 286 307 303 276 231 183 143 118 112 124 155 194   0014   273  0648    65  1322   308  1951   112            
23 228 246 244 224 190 146 104  76  72  94 140 197 253 297 321 320 292 247 196 153 122 107 112 136   0125   247  0741    70  1427   324  2117   106            
24 172 205 226 230 216 184 142 101  75  73  98 147 207 267 313 338 336 306 257 203 155 119  99 100   0244   231  0835    71  1526   341  2228    96            
25 122 158 194 218 225 211 178 134  93  69  71 102 156 221 283 331 354 347 311 256 199 149 111  90   0351   225  0926    66  1617   355  2325    88            
26  92 118 157 195 221 226 207 169 122  82  62  71 110 171 240 303 346 363 346 301 242 184 135 101   0442   227  1013    61  1700   363                        
27  85  92 124 167 207 229 227 200 157 109  72  59  78 127 195 265 322 357 361 332 278 215 160 118   0012    84  0524   231  1056    59  1738   363            
28  91  83 100 139 186 223 237 224 189 142  96  65  63  95 154 225 291 339 361 349 306 244 182 133   0050    82  0601   237  1135    60  1810   361            
29 100  83  86 114 161 208 237 239 216 174 126  84  64  75 120 188 259 317 352 358 330 273 206 149   0122    81  0635   242  1211    64  1841   359            
30 109  86  80  96 136 186 228 246 236 201 154 108  75  68  93 151 223 289 336 358 348 303 236 170   0148    79  0708   246  1245    67  1912   359            
31 121  91  77  84 115 163 212 245 251 227 183 134  92  70  75 114 181 253 312 347 356 330 271 199   0212    77  0742   252  1320    68  1946   357            
时区：-0800   潮高基准面：在平均海面下160cm
锦州港（笔架山）                        
2018年潮汐表   40°48′N121° 4′E    8月
                                               每  日  逐  时  潮  高                                                 每  日  高  低  潮
日  0   1   2   3   4   5   6   7   8   9   10  11  12  13  14  15  16  17  18  19  20  21  22  23   潮时  潮高  潮时  潮高  潮时  潮高  潮时  潮高  潮时  潮高 
 1 138  99  78  76  98 142 194 238 259 253 218 166 116  82  69  86 136 206 274 323 348 343 303 235   0237    74  0816   260  1358    69  2022   350            
 2 164 111  82  71  81 118 172 225 261 272 254 210 154 107  79  75 101 156 225 285 324 338 321 269   0304    71  0854   272  1439    73  2100   338            
 3 198 133  91  70  68  93 143 202 251 280 283 257 206 150 106  84  86 117 173 235 285 314 319 292   0334    66  0937   285  1525    82  2141   320            
 4 234 165 110  77  63  72 108 166 225 270 293 291 260 208 154 114  96 102 132 182 234 273 295 293   0410    63  1026   296  1618    95  2226   297            
 5 260 203 143  97  71  64  80 123 183 240 281 302 299 267 216 165 129 111 115 140 179 220 252 269   0453    63  1122   304  1720   110  2319   270            
 6 264 233 184 133  96  74  69  89 134 193 248 289 311 309 280 232 182 144 123 120 135 164 196 224   0543    68  1226   314  1839   119                        
 7 241 240 216 177 135 101  80  75  95 139 197 253 297 325 327 300 253 200 157 128 115 119 138 166   0026   243  0642    74  1335   329  2017   115            
 8 195 217 224 210 179 141 107  84  77  95 138 198 259 311 344 351 325 274 216 164 125 102  96 110   0151   224  0749    77  1443   352  2147    96            
 9 139 173 204 220 213 185 146 108  80  70  87 133 199 269 329 369 377 348 290 223 163 115  84  74   0314   220  0856    70  1544   378  2256    74            
10  88 121 165 204 226 221 190 145 101  69  57  75 128 203 282 349 391 397 362 296 220 153 102  69   0419   228  0957    57  1639   399  2351    59            
11  59  78 120 173 218 241 230 191 139  89  53  42  65 127 211 296 365 405 404 361 286 206 138  88   0511   241  1052    41  1730   410                        
12  58  54  82 135 196 241 258 238 190 130  75  39  31  62 131 221 308 373 406 397 344 264 183 120   0038    52  0557   258  1144    30  1818   409            
13  75  51  57  98 162 225 267 273 244 187 122  66  32  30  67 142 233 316 374 397 377 315 232 156   0120    49  0641   275  1234    26  1904   397            
14 100  63  48  67 122 194 255 288 285 247 183 116  63  34  38  81 158 246 320 367 379 348 279 197   0159    48  0726   291  1324    31  1948   380            
15 129  81  52  49  83 150 224 279 303 291 245 179 114  66  43  53 100 176 256 319 355 355 313 241   0237    46  0811   304  1414    42  2030   361            
16 165 106  66  46  56 105 178 249 296 311 291 241 175 115  73  56  71 121 191 261 313 338 326 277   0313    45  0857   311  1504    56  2112   339            
17 207 140  90  57  47  72 131 205 268 306 313 287 235 173 120  84  73  91 137 199 258 300 313 292   0350    47  0943   315  1555    72  2155   314            
18 242 179 123  81  56  58  94 157 226 281 311 312 283 233 177 130  99  90 107 147 197 245 277 282   0427    53  1032   316  1651    90  2240   284            
19 257 211 160 114  78  62  74 117 178 240 288 314 311 283 238 189 146 117 107 119 147 187 225 249   0507    61  1126   316  1757   107  2330   252            
20 249 226 190 150 111  80  71  89 132 189 246 290 314 313 290 251 206 164 135 120 122 140 170 201   0552    70  1228   317  1923   119                        
21 221 222 207 182 148 112  84  78  97 137 190 245 290 315 319 301 266 222 180 146 125 118 128 153   0033   224  0646    77  1340   320  2056   118            
22 182 203 210 203 184 152 115  87  79  96 134 187 243 290 320 328 313 278 231 185 147 119 107 115   0201   210  0749    79  1451   328  2207   107            
23 140 172 199 213 211 192 157 116  85  76  91 131 187 246 296 329 337 319 278 227 176 134 105  94   0324   214  0854    75  1549   337  2300    94            
24 105 136 175 209 227 223 198 158 113  80  70  90 135 196 258 309 339 341 314 265 208 156 114  89   0421   228  0950    70  1634   344  2342    83            
25  84 104 144 190 227 241 230 197 151 104  72  69  97 151 217 279 326 347 337 298 240 180 129  94   0504   241  1037    67  1711   348                        
26  76  82 113 162 212 244 249 227 186 135  90  66  74 114 176 244 303 341 348 323 271 207 149 105   0017    75  0541   250  1116    65  1745   350            
27  79  73  92 134 188 234 256 247 213 165 114  76  64  86 138 207 273 323 348 340 300 237 172 120   0046    72  0613   256  1152    64  1817   349            
28  87  73  80 114 166 219 255 262 238 193 139  93  66  67 103 165 236 296 335 345 321 267 198 138   0111    72  0643   263  1227    62  1849   346            
29  97  76  75  99 147 204 251 273 264 226 171 116  77  61  76 122 191 259 310 336 332 292 226 157   0133    72  0714   274  1303    61  1922   338            
30 106  78  69  84 126 186 242 279 287 264 213 151  99  69  64  89 144 214 276 315 328 309 255 183   0156    69  0747   288  1341    62  1956   328            
31 120  81  63  67  99 158 224 276 301 298 262 201 137  90  68  72 106 165 231 283 311 312 279 216   0221    62  0823   303  1422    67  2032   315            
时区：-0800   潮高基准面：在平均海面下160cm
锦州港（笔架山）                        
2018年潮汐表   40°48′N121° 4′E    9月
                                               每  日  逐  时  潮  高                                                 每  日  高  低  潮
日  0   1   2   3   4   5   6   7   8   9   10  11  12  13  14  15  16  17  18  19  20  21  22  23   潮时  潮高  潮时  潮高  潮时  潮高  潮时  潮高  潮时  潮高 
 1 144  91  62  55  72 121 191 256 300 316 302 257 191 129  90  75  85 123 181 239 280 298 289 246   0251    55  0904   316  1507    75  2111   299            
 2 180 116  73  53  55  85 145 218 278 314 323 302 252 186 130  97  86  99 136 187 235 266 277 260   0327    51  0950   323  1558    86  2155   277            
 3 215 155 102  69  55  64 102 167 236 289 319 325 302 252 191 140 109  98 109 139 180 217 242 249   0409    55  1043   326  1701    98  2250   249            
 4 232 193 144 102  75  65  78 118 179 242 291 320 327 307 262 206 157 124 109 111 129 159 189 211   0500    65  1147   328  1823   108                        
 5 221 211 184 147 112  87  77  87 123 178 237 286 321 334 321 282 228 178 139 113 103 110 131 158   0002   221  0603    77  1302   334  2006   103            
 6 185 202 205 189 160 126  97  82  86 115 166 225 281 324 347 341 306 251 194 146 110  89  87 105   0139   206  0719    80  1420   349  2135    85            
 7 136 171 200 214 205 175 136 100  76  72  97 147 213 278 332 363 362 326 265 200 143  98  71  68   0307   215  0839    71  1528   367  2238    66            
 8  89 130 177 217 237 226 189 140  94  61  52  76 131 205 280 341 377 374 332 264 192 129  82  56   0409   237  0948    51  1626   381  2327    52            
 9  57  89 141 200 246 263 244 196 136  82  44  34  62 125 206 287 350 382 372 321 246 170 108  65   0458   263  1047    34  1717   384                        
10  45  57 102 168 233 277 285 254 195 128  69  32  26  60 129 215 295 354 377 356 296 216 141  86   0009    45  0542   287  1139    24  1803   377            
11  50  41  67 127 202 267 302 298 256 188 117  60  28  29  70 143 229 303 351 363 330 261 180 113   0048    40  0625   306  1228    24  1846   364            
12  67  41  45  87 159 237 294 318 301 249 176 106  56  31  40  87 162 242 307 343 340 296 222 147   0124    38  0706   318  1316    30  1927   347            
13  89  53  39  58 116 195 267 313 324 296 235 162  98  56  40  56 106 179 252 304 327 311 258 185   0159    39  0747   325  1403    40  2007   327            
14 119  72  46  46  82 151 230 293 326 324 286 220 150  95  61  51  73 125 192 254 294 303 276 218   0232    42  0827   330  1450    51  2046   305            
15 152  97  61  46  61 112 187 260 311 333 320 273 207 144  97  70  67  92 140 198 248 276 273 237   0304    46  0908   333  1538    65  2124   279            
16 181 126  83  56  53  83 143 216 280 321 333 311 262 201 147 107  85  86 109 150 197 235 252 239   0337    51  0952   333  1630    83  2204   252            
17 201 154 110  76  57  65 105 167 233 288 321 326 301 255 203 157 123 104 104 122 153 190 218 226   0415    56  1040   328  1730   102  2249   227            
18 210 178 141 106  77  65  79 121 178 235 283 311 314 292 254 211 171 139 120 116 126 148 177 200   0500    65  1136   316  1847   116  2348   207            
19 206 194 172 145 114  87  76  90 127 175 226 271 298 304 288 258 221 182 149 126 116 119 137 163   0557    76  1244   305  2018   115                        
20 187 198 196 183 160 128  99  85  94 123 166 215 260 290 300 291 265 227 185 147 119 103 104 123   0117   199  0707    85  1400   300  2128   101            
21 153 183 204 211 202 177 141 107  88  91 116 158 209 257 292 305 297 268 224 176 133 101  84  88   0257   211  0822    86  1507   305  2220    83            
22 113 152 192 221 230 218 187 145 105  82  84 111 158 215 267 302 315 300 263 211 157 111  80  68   0357   230  0926    79  1558   315  2300    68            
23  80 115 164 211 241 246 224 184 135  93  71  78 114 169 230 283 316 321 296 247 188 132  88  64   0439   247  1016    70  1639   322  2334    60            
24  63  87 133 190 237 259 251 217 167 115  75  61  79 125 187 251 300 324 316 278 220 158 106  71   0514   260  1058    61  1716   325                        
25  59  71 110 166 223 262 270 246 199 143  92  60  57  86 142 209 269 309 321 298 248 184 125  83   0001    59  0544   271  1136    54  1750   321            
26  62  64  93 146 208 259 283 274 234 176 117  72  51  60 100 163 229 282 309 306 269 208 144  94   0025    59  0614   284  1213    50  1824   312            
27  65  58  78 125 190 251 290 299 273 218 152  95  60  50  70 119 185 246 287 301 282 231 164 105   0048    58  0645   300  1251    50  1857   301            
28  67  52  60  98 163 234 288 314 307 266 200 131  80  55  55  84 140 204 257 286 286 253 192 124   0112    51  0718   316  1330    52  1931   290            
29  74  48  45  68 125 203 273 316 329 309 255 181 114  72  55  63  99 158 218 260 278 266 222 155   0140    43  0754   329  1411    54  2008   278            
30  93  53  38  46  85 157 238 301 334 336 304 240 164 103  69  59  72 113 169 221 254 263 242 192   0212    38  0834   338  1457    59  2049   263            
时区：-0800   潮高基准面：在平均海面下160cm
锦州港（笔架山）                        
2018年潮汐表   40°48′N121° 4′E   10月
                                               每  日  逐  时  潮  高                                                 每  日  高  低  潮
日  0   1   2   3   4   5   6   7   8   9   10  11  12  13  14  15  16  17  18  19  20  21  22  23   潮时  潮高  潮时  潮高  潮时  潮高  潮时  潮高  潮时  潮高 
 1 128  75  46  38  56 108 187 264 317 341 335 296 229 156 102  73  66  81 120 170 213 238 240 216   0251    38  0919   342  1551    66  2136   243            
 2 167 112  71  49  47  73 131 208 276 321 339 330 290 225 160 112  84  76  88 119 159 194 215 216   0335    45  1012   340  1656    76  2233   218            
 3 194 154 112  79  60  61  88 144 212 271 312 331 325 290 234 175 129  99  85  88 109 140 170 191   0429    58  1117   332  1818    84  2350   197            
 4 197 185 158 125  94  74  72  94 140 198 253 296 321 323 298 251 196 148 112  88  81  93 119 150   0537    70  1235   325  1952    81                        
 5 177 194 195 178 147 112  85  74  85 120 172 228 277 313 326 311 269 214 160 115  82  67  75 103   0134   197  0701    74  1359   326  2110    67            
 6 141 180 210 221 206 170 126  88  66  66  93 143 205 264 311 333 322 280 219 158 105  67  50  61   0257   221  0830    62  1512   334  2207    50            
 7  97 147 200 241 255 235 188 133  84  51  44  69 123 192 260 314 339 326 277 209 142  86  48  36   0355   255  0944    42  1610   339  2253    36            
 8  56 105 169 232 276 284 253 195 130  73  35  28  56 117 192 265 318 338 317 259 186 117  63  31   0443   286  1043    26  1700   338  2334    26            
 9  30  63 126 202 268 305 302 258 190 118  60  25  22  57 123 202 272 319 329 296 231 155  90  45   0525   309  1135    18  1744   330                        
10  24  35  84 159 238 298 323 305 249 174 102  49  21  25  67 137 214 277 313 310 266 196 123  68   0011    23  0606   323  1223    18  1826   316            
11  34  26  54 117 199 274 321 330 297 232 154  87  42  23  35  82 152 223 275 298 281 229 159  96   0045    25  0644   331  1309    22  1906   298            
12  52  31  39  84 159 240 304 335 329 283 210 135  77  41  29  48  99 165 227 266 275 246 189 124   0116    30  0720   337  1355    29  1944   276            
13  73  42  35  60 121 202 276 326 342 321 264 189 121  73  46  41  66 116 176 226 252 246 207 150   0146    34  0757   342  1440    40  2020   254            
14  95  55  36  44  86 158 238 301 337 340 307 243 173 114  76  56  58  86 133 183 222 234 216 172   0216    35  0835   344  1525    54  2055   235            
15 119  75  45  36  58 114 189 260 312 337 328 286 224 162 114  83  70  78 105 146 187 215 216 189   0250    36  0916   338  1610    70  2133   219            
16 146 103  67  45  45  77 138 207 267 309 324 308 264 207 156 118  93  85  94 118 152 186 205 200   0330    41  1000   324  1659    85  2218   206            
17 173 137 103  73  55  61  97 153 211 261 295 304 285 245 198 156 123 101  93 100 120 149 179 194   0418    53  1050   304  1801    93  2316   195            
18 190 170 144 116  89  72  79 111 157 205 247 277 284 268 235 196 158 126 103  92  95 111 139 168   0515    71  1148   285  1918    91                        
19 187 191 181 163 136 108  89  91 115 151 193 233 263 273 262 235 199 161 124  96  81  81  97 128   0042   191  0623    87  1257   273  2030    79            
20 162 189 202 200 183 153 120  96  92 108 140 182 225 259 273 266 240 202 158 115  82  64  66  87   0221   203  0742    91  1409   273  2126    62            
21 125 168 204 222 220 197 160 120  91  81  95 129 176 225 263 280 272 242 198 147 100  65  51  59   0323   224  0855    81  1511   280  2209    50            
22  90 137 188 228 245 233 199 153 108  75  66  83 124 177 231 270 285 271 233 182 127  80  51  45   0405   245  0951    65  1601   285  2243    44            
23  65 109 166 221 258 263 238 191 137  88  57  53  78 126 185 239 274 281 258 211 154 100  60  42   0440   265  1039    51  1643   282  2312    41            
24  50  86 143 207 259 284 274 232 174 115  68  43  47  81 136 196 246 272 267 232 177 119  71  43   0512   285  1122    41  1721   274  2338    38            
25  40  65 119 187 251 294 303 275 219 152  93  53  37  50  92 150 208 249 263 245 198 138  84  47   0545   304  1204    37  1757   263                        
26  32  45  89 159 233 291 319 311 268 199 128  74  43  36  58 106 166 218 248 250 219 163 101  55   0005    32  0618   321  1245    35  1833   253            
27  30  29  58 120 202 275 321 335 312 253 176 106  59  37  38  68 121 179 223 243 233 191 129  72   0034    26  0653   335  1327    34  1911   244            
28  35  21  33  78 156 242 308 342 342 305 234 153  87  49  33  41  78 133 187 223 233 213 164 102   0106    21  0730   346  1411    33  1952   233            
29  52  25  20  44 104 192 275 330 352 341 293 215 135  76  44  33  46  86 140 187 216 219 192 141   0142    19  0811   352  1459    33  2036   221            
30  84  43  23  26  60 131 219 293 338 352 333 279 201 127  75  47  38  53  92 141 182 204 202 174   0225    21  0858   352  1554    38  2126   207            
31 126  79  45  29  37  77 149 229 293 331 341 321 267 195 129  83  56  47  60  94 136 172 192 189   0314    29  0952   342  1656    47  2225   193            
时区：-0800   潮高基准面：在平均海面下160cm
锦州港（笔架山）                        
2018年潮汐表   40°48′N121° 4′E   11月
                                               每  日  逐  时  潮  高                                                 每  日  高  低  潮
日  0   1   2   3   4   5   6   7   8   9   10  11  12  13  14  15  16  17  18  19  20  21  22  23   潮时  潮高  潮时  潮高  潮时  潮高  潮时  潮高  潮时  潮高 
 1 165 127  87  56  41  49  88 152 221 276 311 323 306 260 198 140  96  67  54  62  90 127 161 182   0412    40  1056   323  1809    54  2344   187            
 2 187 173 144 108  75  56  59  88 139 196 247 285 302 294 259 207 153 107  73  54  56  80 117 155   0524    54  1212   303  1925    52                        
 3 184 200 197 173 135  96  68  61  76 114 164 216 259 286 288 262 214 160 110  69  45  44  69 110   0122   201  0651    60  1335   291  2032    41            
 4 157 199 227 231 206 161 113  75  54  57  87 135 192 243 278 287 265 216 157 101  55  29  30  61   0239   233  0823    52  1448   288  2128    26            
 5 112 171 225 261 264 233 178 120  72  42  38  65 117 179 237 277 288 262 208 144  83  37  14  22   0336   267  0938    36  1548   288  2215    12            
 6  63 126 196 257 292 288 245 181 115  61  28  24  54 110 177 238 277 283 251 191 122  62  21   6   0424   295  1037    21  1639   285  2257     6            
 7  26  80 154 230 289 315 297 242 170 101  47  16  16  52 113 181 240 272 269 229 164  97  44  13   0506   315  1130    12  1725   276  2334     8            
 8  11  45 112 193 267 315 326 293 228 151  84  35  10  17  57 120 186 237 259 245 197 132  72  30   0545   327  1219     9  1807   259                        
 9  13  27  77 154 236 300 333 327 280 206 130  69  29  11  24  68 130 189 229 238 212 160  99  50   0006    13  0621   336  1307    11  1846   239            
10  22  19  51 116 199 274 325 341 319 259 182 112  60  29  19  38  84 142 191 218 213 177 123  70   0035    17  0656   342  1352    19  1921   220            
11  32  17  31  80 157 238 302 338 339 301 234 159  98  57  34  32  57 104 155 193 206 187 144  92   0104    17  0732   343  1434    30  1955   206            
12  48  20  18  48 111 192 266 317 338 324 275 204 137  87  56  42  49  79 124 168 195 195 166 119   0137    15  0808   338  1512    42  2029   199            
13  73  37  18  27  70 141 218 280 318 326 300 243 175 118  79  57  52  66  99 141 178 195 185 150   0214    17  0845   327  1547    51  2108   196            
14 107  67  38  26  45  96 166 232 281 308 305 269 211 150 104  73  57  59  78 111 150 181 192 176   0256    26  0925   311  1626    56  2154   192            
15 144 107  74  49  44  68 120 182 235 274 292 281 242 187 135  96  70  58  62  82 114 149 177 186   0343    43  1009   292  1715    57  2252   186            
16 172 146 117  88  66  64  89 135 185 229 261 275 261 223 175 130  94  69  56  60  79 109 144 172   0436    62  1101   275  1817    56                        
17 183 177 157 132 104  82  79 100 136 177 216 247 260 248 215 173 132  95  67  52  54  73 104 142   0005   184  0538    78  1202   260  1923    51            
18 174 191 190 174 147 116  91  84  96 124 161 200 233 249 241 213 175 133  93  62  45  47  69 106   0128   193  0653    83  1310   249  2022    43            
19 149 188 210 212 192 159 121  91  76  82 106 144 186 223 242 237 211 171 127  84  51  36  44  74   0233   214  0813    76  1418   243  2109    36            
20 120 171 215 239 235 207 163 118  81  62  65  90 131 177 217 237 231 202 158 110  67  36  29  47   0322   241  0922    60  1517   238  2148    28            
21  90 146 205 250 269 254 213 159 107  67  46  51  80 125 175 214 231 220 185 136  86  45  23  26   0403   269  1019    45  1606   232  2223    21            
22  59 116 183 245 285 292 263 209 147  91  51  34  43  78 127 177 213 223 204 160 108  59  26  14   0441   294  1110    34  1651   224  2256    14            
23  31  81 152 225 284 313 306 262 195 127  72  37  26  41  81 133 182 211 212 183 133  79  36  11   0518   315  1156    26  1732   216  2329     8            
24  12  45 111 193 267 317 332 309 251 174 104  53  25  20  42  87 141 186 207 199 161 106  54  18   0555   333  1242    19  1814   208                        
25   4  17  67 148 235 304 341 343 305 233 150  82  38  15  16  45  95 149 188 201 184 138  82  35   0004     4  0633   347  1329    12  1857   201            
26   7   2  29  94 184 271 330 355 345 294 212 128  65  27   9  16  51 104 155 188 193 168 118  63   0042     1  0713   356  1416     8  1941   195            
27  22   1   4  43 120 214 295 343 359 338 278 192 112  55  22   8  20  60 114 161 188 186 155 104   0123    -1  0757   359  1505     8  2027   191            
28  53  16   0  11  59 140 231 301 342 351 323 258 175 102  53  23  13  29  72 124 166 187 182 149   0210     0  0846   352  1555    13  2117   189            
29 102  55  20   6  21  72 150 230 291 326 331 301 238 163  99  54  27  19  38  81 131 170 189 183   0303     6  0940   333  1649    19  2217   190            
30 155 112  68  34  19  33  80 147 215 268 299 304 277 221 156  99  57  30  24  43  85 133 172 193   0404    19  1040   306  1747    23  2331   196            
时区：-0800   潮高基准面：在平均海面下160cm
锦州港（笔架山）                        
2018年潮汐表   40°48′N121° 4′E   12月
                                               每  日  逐  时  潮  高                                                 每  日  高  低  潮
日  0   1   2   3   4   5   6   7   8   9   10  11  12  13  14  15  16  17  18  19  20  21  22  23   潮时  潮高  潮时  潮高  潮时  潮高  潮时  潮高  潮时  潮高 
 1 193 173 135  92  55  37  45  80 133 190 238 270 278 256 210 154 101  58  30  22  41  82 131 174   0513    36  1147   278  1849    21                        
 2 203 213 200 165 119  78  54  51  72 113 162 209 244 257 244 205 153 100  55  23  14  34  77 130   0057   213  0636    49  1301   257  1950    14            
 3 181 220 239 230 193 143  96  62  48  58  90 137 186 225 245 238 203 151  96  47  14   5  28  76   0212   239  0807    48  1415   246  2046     5            
 4 137 196 243 267 255 213 157 102  61  38  40  70 118 171 214 238 233 199 145  86  36   4   1  30   0312   267  0925    36  1521   240  2137    -2            
 5  86 155 221 271 291 273 222 158  98  51  24  25  55 106 162 208 232 225 187 130  71  24  -1   5   0401   291  1029    20  1617   233  2220    -3            
 6  44 110 185 253 299 309 279 219 149  86  38  12  14  47 100 157 202 221 208 166 108  53  13  -1   0445   311  1126     9  1707   221  2257    -1            
 7  18  70 145 223 286 321 318 274 206 134  73  28   6  12  48 102 157 195 205 184 137  81  33   5   0525   325  1218     4  1750   205  2330     0            
 8   5  39 105 185 260 313 334 315 259 186 116  62  24   7  19  58 112 160 187 186 155 106  54  15   0602   334  1307     7  1827   191                        
 9   0  16  66 142 223 289 328 333 299 234 161  98  53  24  16  35  77 127 167 181 167 128  78  32   0002     0  0638   336  1350    15  1901   181            
10   4   1  33  97 178 253 306 330 319 271 201 132  80  46  27  29  55 100 146 175 177 150 106  58   0035    -1  0712   331  1426    25  1933   180            
11  19   1  11  58 131 209 273 312 321 294 235 164 103  63  38  30  43  78 124 164 182 172 137  91   0111     0  0746   322  1456    30  2009   183            
12  47  16   7  31  88 164 234 285 310 304 262 196 128  78  47  31  34  57  97 142 176 185 165 126   0149     6  0819   312  1523    30  2048   185            
13  82  44  21  21  56 120 191 250 288 301 281 229 161 101  59  35  27  39  69 112 154 181 182 158   0229    17  0855   301  1556    27  2133   185            
14 119  80  48  31  41  82 145 207 255 284 287 257 200 136  83  49  29  27  45  80 122 160 182 179   0312    30  0936   290  1637    26  2224   184            
15 154 119  83  56  44  59 102 158 210 250 272 268 234 178 121  76  45  29  31  52  88 129 164 183   0359    44  1023   274  1725    27  2322   185            
16 181 158 126  93  67  58  73 110 156 200 234 253 247 212 162 113  74  45  30  34  58  95 136 171   0455    58  1117   254  1818    29                        
17 192 192 172 140 106  79  68  78 106 143 181 213 231 225 195 152 108  71  43  29  35  63 103 147   0029   195  0603    68  1217   232  1912    28            
18 186 210 213 193 158 120  89  72  74  93 124 159 192 211 208 182 143 101  65  36  24  34  67 113   0136   215  0725    71  1322   213  2004    24            
19 164 208 237 239 215 174 130  93  69  64  77 105 140 175 196 195 171 133  91  53  26  16  33  74   0235   242  0848    63  1428   198  2053    16            
20 130 189 238 267 265 233 183 131  88  59  49  60  89 127 164 187 186 162 121  77  39  14  10  36   0326   270  0959    49  1529   190  2138     8            
21  88 155 221 272 296 285 242 182 123  75  43  33  45  77 120 159 183 180 151 107  61  24   3   8   0412   297  1058    33  1624   185  2221     1            
22  45 111 188 258 305 321 297 241 171 106  57  26  17  33  71 118 159 180 173 138  90  44  10  -4   0454   321  1152    17  1715   181  2302    -4            
23  11  62 141 225 294 334 337 301 232 153  86  38  10   5  27  71 122 163 179 164 123  71  26  -3   0536   341  1242     4  1802   179  2343   -10            
24  -9  18  84 174 260 323 354 345 296 216 133  67  23  -1  -1  29  79 132 169 177 154 107  54  10   0618   356  1330    -5  1846   178                        
25 -14 -12  28 106 202 286 342 362 343 282 196 113  52  13  -6   1  39  95 147 177 178 147  95  40   0026   -17  0703   362  1416    -8  1931   182            
26  -1 -21 -11  40 126 222 299 346 358 330 261 173  95  42   7  -7  10  56 115 164 188 181 144  89   0113   -21  0750   359  1501    -7  2017   189            
27  35  -4 -21  -4  53 140 229 297 336 341 306 233 149  80  33   4  -3  23  76 136 181 199 188 148   0203   -21  0839   344  1544    -4  2107   200            
28  93  40   2 -12   8  66 147 226 285 317 315 275 204 128  67  25   1   2  36  93 152 193 209 197   0257   -12  0929   321  1629    -2  2204   209            
29 159 106  55  18   5  25  77 147 214 264 290 285 244 179 112  58  20  -1   7  46 104 160 200 217   0355     5  1021   293  1717    -2  2309   217            
30 208 174 126  76  40  26  41  83 140 196 240 262 255 218 162 103  53  16  -1  10  51 108 163 204   0459    26  1117   263  1809    -1                        
31 225 222 194 148  99  62  45  51  80 125 173 213 235 230 201 153 100  52  16   0  13  54 110 166   0023   227  0614    44  1221   236  1905     0            
时区：-0800   潮高基准面：在平均海面下160cm
